    0.02777584
   -0.24351645
    0.15331861
   -0.06588542
   -0.03447458
    0.02325891
   -0.05698341
   -0.07305141
    0.32020578
   -0.14824069
    0.03810408
   -0.12756639
   -0.12871505
    0.08593210
   -0.12880674
   -0.11973853
   -0.12347001
   -0.12568714
   -0.04082254
    0.05378047
   -0.04859669
   -0.03078277
    0.01349969
   -0.02977519
   -0.02359207
   -0.02459392
   -0.03420073
    0.01238184
   -0.00982145
   -0.01098444
    0.05291611
   -0.05320644
   -0.03429168
    0.01160945
   -0.03102291
   -0.02258351
   -0.02256096
   -0.03193939
    0.01189016
   -0.13098005
   -0.03007571
   -0.03290720
   -0.05192948
    0.05262974
    0.07919217
    0.04782019
    0.05243300
    0.04809767
    0.07152269
    0.06925908
    0.05946299
    0.05309852
    0.05885361
    0.06471575
    0.05044341
    0.05833332
    0.05664730
    0.06456395
    0.05207576
    0.06291561
    0.04083795
    0.04843835
    0.06661774
    0.05592856
    0.07025561
    0.07446167
    0.05540840
    0.04513207
    0.05391966
    0.04819264
    0.04877476
    0.04356693
    0.03406770
    0.03827144
    0.05140446
    0.04680981
    0.04991155
    0.04738927
    0.03854939
    0.04993616
    0.06644718
    0.06392693
    0.05531205
    0.07050491
