           1           2  0.97391699724224168     
           2           3   1.1068382047237562     
           3           4   1.3559076752598456     
           4           5   1.4470343887806760     
           5           6   1.4001340985939033     
           6           7  0.99067525179752647     
           7           8   1.1673184524305700     
           8           9  0.96575519443018742     
           9          10   1.2602199390610804     
          10          11  0.93403677537131513     
          11          12   1.0078777321407986     
          11          13   1.0051532048369598     
          10          14  0.90830145728311307     
          14          15  0.99947678854067423     
          14          16  0.99646767173560924     
          14          17  0.99245108363586942     
           9          18   1.1861723950449004     
          18          19  0.97122573624301189     
          18          20  0.97630553027800437     
          20          21   1.2842171946803751     
          21          22   1.5555629154540702     
          22          23   1.2733132297324672     
          23          24   1.2796186744564269     
          24          25   1.5553698457068337     
          25          26   1.3224614962722294     
          24          27  0.11747259526943628     
          26          27   1.5520726561751568     
          23          28   1.2544023193539062     
          27          28   1.2820775755375002     
          20          29   1.4530161523364034     
          22          29  0.10578771321624772     
          28          29   1.2331569875306378     
          29          30   1.0302513817889265     
          30          31   1.4495300075362862     
          31          32   1.2739371791168201     
          30          33  0.10536198029630930     
          32          33   1.5583157620605299     
          33          34   1.2727773576426393     
          34          35   1.2807744970847219     
          35          36   1.5542645905501666     
          36          37   1.3232808560643967     
          35          38  0.11742040480169651     
          37          38   1.5521203786986564     
          30          39   1.2320979250692543     
          34          39   1.2544636599696226     
          38          39   1.2850398955838733     
           9          40   1.1849677517511998     
          31          40  0.98662063295516511     
          40          41  0.97408096448464587     
           6          42   1.3717615492362480     
           3          43   1.3221724118157052     
          42          43   1.4897218558292595     
           1          44  0.97592798253279489     
           1          45  0.97775861873370262     
           1          46  0.97604090731598292     
           4          47  0.96375846294946199     
           5          48  0.96450824779431388     
          11          49  0.95001720260082245     
          12          50  0.97813283582594246     
          12          51  0.96126575245598600     
          12          52  0.98142794673358813     
          13          53  0.96724971472146237     
          13          54  0.97960793929869550     
          13          55  0.97912232975132374     
          15          56  0.97537305361934146     
          15          57  0.94653731755609849     
          15          58  0.97668119075102200     
          16          59  0.98038144865756816     
          16          60  0.97912863741878176     
          16          61  0.97777225887920349     
          17          62  0.97912694228291430     
          17          63  0.97738010472395920     
          17          64  0.97709499024813107     
          19          65  0.96321649555122757     
          19          66  0.97732511705496239     
          19          67  0.97217291679369300     
          21          68  0.96253473869357897     
          22          69  0.96620220173665750     
          24          70  0.96700377954220906     
          25          71  0.96953661829834925     
          26          72  0.97002751066722581     
          27          73  0.96512655516087364     
          32          74  0.96354785419261968     
          33          75  0.96626569795074846     
          35          76  0.96713946275775087     
          36          77  0.96944168131381436     
          37          78  0.96969547169891546     
          38          79  0.96532602465193673     
          41          80  0.97069057762426492     
          41          81  0.97679064347120848     
          41          82  0.96143982780212611     
          42          83  0.96557552921004930     
          43          84  0.96413850710344740     
