    0.02756855
   -0.24947226
    0.15208675
   -0.05265623
   -0.02700226
   -0.04525711
    0.03092897
   -0.01622332
   -0.07706587
    0.57339936
   -0.17178269
    0.05030529
   -0.12302869
   -0.12347668
    0.04484873
   -0.12688236
   -0.12492766
   -0.27053131
    0.12320947
   -0.05530805
   -0.02764431
   -0.03724635
    0.01726551
   -0.01315926
    0.02447515
   -0.06097401
   -0.06639707
   -0.06023823
   -0.06610029
    0.01777751
   -0.03510297
   -0.02401166
   -0.05204897
    0.11847831
   -0.01361552
   -0.25631880
   -0.07319558
    0.07936013
    0.04484462
    0.05410564
    0.07022142
    0.05905335
    0.05275610
    0.04106875
    0.06202823
    0.06548787
    0.05742906
    0.06682013
    0.06063146
    0.04314931
    0.06786092
    0.07041973
    0.05012104
    0.05616632
    0.05327608
    0.06873681
    0.05783837
    0.05851158
    0.06412473
    0.06503726
    0.05476698
    0.04293723
    0.06274659
    0.06514350
    0.05385129
    0.04277644
    0.06334685
    0.06484777
    0.06643633
    0.06853521
    0.05925250
    0.05563433
