           1           2  0.97395210627849371     
           2           3   1.0974737135608881     
           3           4   1.3269614727574919     
           4           5   1.4797851636413855     
           5           6   1.4055914136013645     
           6           7   1.4164074461988543     
           7           8  0.97644196747637335     
           8           9   1.1675970782928817     
           9          10  0.96768334829487679     
          10          11   1.2401363854278702     
          11          12  0.94107906401947861     
          12          13   1.0032035669953361     
          12          14   1.0054960706106331     
          11          15  0.93620260567156932     
          15          16   1.0069509811203301     
          15          17   1.0068008619735236     
          10          18   1.2901756836760150     
          18          19  0.86976807031211922     
          19          20   1.3829036273158590     
          20          21   1.4506954266845662     
          21          22   1.4201741657263238     
          20          23  0.10651391391178076     
          22          23   1.4397529881428797     
          19          24   1.4050067544372984     
          21          24  0.10453281606299587     
          23          24   1.3447791764020731     
          24          25  0.99013090632057810     
          25          26  0.95697475351854577     
          23          27   1.0171770476957973     
          26          27   1.0023672973779130     
          25          28  0.95531592831510670     
          28          29   1.0019644908080454     
          29          30   1.0168844006132371     
          30          31   1.4389562368798452     
          31          32   1.4214763414069436     
          30          33  0.10671940065139328     
          32          33   1.4494735792019919     
          33          34   1.3831690709194504     
          25          35  0.99114203202364393     
          30          35   1.3460708375348864     
          32          35  0.10441745902401760     
          34          35   1.4050866950173637     
          10          36   1.2953400129547814     
          34          36  0.87167260502182586     
           3          37   1.3668464721901854     
           7          37   1.4015537173714341     
           1          38  0.97758910348157380     
           1          39  0.97587331374538822     
           1          40  0.97623795038500782     
           4          41  0.96562066163539173     
           5          42  0.96679876804819753     
           6          43  0.96745296396624814     
          12          44  0.94589283429076765     
          13          45  0.97954707046433798     
          13          46  0.98013131233139317     
          13          47  0.98049493513132191     
          14          48  0.97921521722889671     
          14          49  0.98087427571064223     
          14          50  0.97792248036084906     
          15          51  0.95524452609546850     
          16          52  0.97919703415868442     
          16          53  0.97847089913229979     
          16          54  0.97481786885015742     
          17          55  0.98392815247661625     
          17          56  0.97934523628824699     
          17          57  0.97846379960904928     
          20          58  0.96158915429905634     
          21          59  0.96773012556037052     
          22          60  0.96591834874971561     
          26          61  0.97676580757766718     
          26          62  0.97850128220378030     
          27          63  0.96475056031503570     
          27          64  0.95445730751022051     
          28          65  0.97687277948665430     
          28          66  0.97858690624595768     
          29          67  0.96525655098486618     
          29          68  0.95463508412800846     
          31          69  0.96577930982902038     
          32          70  0.96727988269692644     
          33          71  0.96322757029779515     
          37          72  0.96194025254582149     
