   -0.03867947
   -0.11566591
    0.05610977
   -0.04938282
   -0.03294840
    0.01145604
   -0.03113561
   -0.02327046
   -0.02327867
   -0.03349084
    0.01169834
   -0.01280167
   -0.00682351
    0.05288801
   -0.04556597
   -0.03402748
    0.01288628
   -0.03061382
   -0.02114017
   -0.02182985
   -0.03166711
    0.01094897
   -0.12708367
   -0.03113880
    0.26681026
   -0.06438241
   -0.05387562
    0.03678192
   -0.03019134
   -0.02345352
   -0.02186716
   -0.02368503
   -0.03228270
   -0.13936442
   -0.04222152
    0.07944403
   -0.06718002
   -0.01430929
   -0.06781567
   -0.01460199
   -0.06606026
   -0.01286426
   -0.06869530
   -0.06307984
   -0.06684311
    0.06469053
    0.07362074
    0.06985527
    0.04925565
    0.05259962
    0.04760018
    0.04969568
    0.04634988
    0.03556267
    0.03750068
    0.05289430
    0.04893022
    0.05272778
    0.05003685
    0.04073963
    0.06092597
    0.05900035
    0.05909155
    0.05290107
    0.05759262
    0.05729762
    0.05116613
    0.04714318
    0.06691659
    0.05867972
    0.06901993
    0.03733945
    0.03772521
    0.04191743
    0.03923422
    0.04917111
    0.04235065
    0.03635419
    0.05011635
    0.03817489
    0.05045802
    0.03760955
    0.04791475
    0.04006700
    0.03833642
    0.04573043
