           1           2  0.96979224962809307     
           2           3  0.99602184707712327     
           3           4   1.2824982416679855     
           4           5   1.5558862787833152     
           5           6   1.2718440932945665     
           6           7   1.2806661651902231     
           7           8   1.5542874063179763     
           8           9   1.3229813128344809     
           7          10  0.11741531783705743     
           9          10   1.5527748650079976     
           6          11   1.2534804314813646     
          10          11   1.2836975364356766     
           3          12   1.4469916076001714     
           5          12  0.10550032427636877     
          11          12   1.2353412610146628     
          12          13   1.0290685370606270     
          13          14   1.4520465802990565     
          14          15   1.2875651036400984     
          13          16  0.10498472292419610     
          15          16   1.5569890833301390     
          16          17   1.2725165667483846     
          17          18   1.2826499671126945     
          18          19   1.5527725126998488     
          19          20   1.3240079195309158     
          18          21  0.11695852131572887     
          20          21   1.5510743144053960     
          13          22   1.2339536575020216     
          17          22   1.2523930620407013     
          21          22   1.2859411112057846     
          14          23  0.94854142596767077     
          23          24  0.97632913883055705     
           2          25   1.2089332062552363     
          23          25   1.2156574616465474     
          25          26  0.97088696109222472     
          26          27   1.1518611945637958     
          27          28  0.97564931717483483     
          28          29   1.4060456711988383     
          29          30   1.4432250431191456     
          28          31  0.10279236763482455     
          30          31   1.4330372471736790     
          29          32  0.10978858144757420     
          31          32   1.4389227880998965     
          28          33   1.4078754548784660     
          30          33  0.10890815227537839     
          32          33   1.4377319194246865     
          25          34   1.2516017546569751     
          34          35  0.97072589750230520     
          34          36  0.91723913420208014     
          36          37  0.98313698707100206     
          37          38  0.99213513639701501     
          38          39  0.99774916990196449     
          39          40  0.99856497156542856     
          40          41  0.99939527630404323     
          41          42  0.99587596690353419     
          38          43  0.99858185495425933     
          42          43  0.99817519385099662     
          36          44  0.98642235568309955     
          42          44  0.98934857944291321     
          36          45  0.98222828854058453     
          40          45  0.99022505706665520     
           1          46  0.97021836455082633     
           1          47  0.97716018014766681     
           1          48  0.96230981735342658     
           4          49  0.96243067857636233     
           5          50  0.96631489248765989     
           7          51  0.96704852901743432     
           8          52  0.96946176204357093     
           9          53  0.96978118309883854     
          10          54  0.96548954287322775     
          15          55  0.96093958924241152     
          16          56  0.96627342901546598     
          18          57  0.96691177311504317     
          19          58  0.96915732597534954     
          20          59  0.96943692716246543     
          21          60  0.96537763942189059     
          24          61  0.97653210630317544     
          24          62  0.97573176681479823     
          24          63  0.96763102588159766     
          29          64  0.96695238183207166     
          30          65  0.96742594706802343     
          31          66  0.96885679996094565     
          32          67  0.96821971640244797     
          33          68  0.96360617282179484     
          35          69  0.97340751221981137     
          35          70  0.97648308200180955     
          35          71  0.96359042618865176     
          37          72  0.97249433781252048     
          37          73  0.95963204755644493     
          38          74  0.96644463783675927     
          39          75  0.97504836486720747     
          39          76  0.97380773639249774     
          40          77  0.96592962057396647     
          41          78  0.97518002345533605     
          41          79  0.97319147105153370     
          42          80  0.96685720888669857     
          43          81  0.97394260690290901     
          43          82  0.97481467263794652     
          44          83  0.92380589023955140     
          44          84  0.96408159805990779     
          45          85  0.97344187042573771     
          45          86  0.97185108006901078     
