   -0.11524698
    0.02587722
   -0.03393212
   -0.02572935
   -0.03604073
    0.03400674
   -0.05415031
   -0.06305427
    0.27744510
   -0.13245522
   -0.04700512
    0.08479116
   -0.12454819
   -0.12439267
   -0.12525548
   -0.11593078
   -0.04043004
    0.05648500
   -0.04880804
   -0.03254441
    0.01132553
   -0.03123743
   -0.02391814
   -0.02417365
   -0.03439759
    0.01112076
   -0.01283123
   -0.00727835
    0.05237108
   -0.04607345
   -0.03411884
    0.01289301
   -0.03058308
   -0.02106106
   -0.02176284
   -0.03183015
    0.01089430
   -0.12627345
   -0.03291831
   -0.04459053
    0.05636693
    0.06531422
    0.04774196
    0.05503270
    0.05623628
    0.05113727
    0.06905382
    0.06948106
    0.06049535
    0.06074340
    0.05453560
    0.07220178
    0.05127733
    0.06676594
    0.05803657
    0.06667657
    0.05072871
    0.05024745
    0.07141468
    0.06531097
    0.07390938
    0.04989172
    0.05297144
    0.04769850
    0.04968445
    0.04629103
    0.03560648
    0.03794173
    0.05311342
    0.04920300
    0.05295632
    0.05014526
    0.04051212
    0.05894162
    0.06022803
    0.06234319
    0.04512566
