           1           2   1.0300805431137277     
           2           3   1.4050712705962249     
           3           4   1.4410252790576823     
           2           5  0.10518929050576850     
           4           5   1.4376814692455526     
           5           6   1.4033176477863154     
           6           7  0.97314279250748870     
           7           8   1.1532685136485077     
           8           9  0.97631747844254047     
           9          10   1.2489931315109977     
          10          11  0.97119383217143562     
          10          12  0.92340374975291017     
          12          13  0.99800300173058976     
          12          14  0.99427379969007057     
          12          15  0.99527348611914412     
           9          16   1.2083607672402226     
          16          17  0.96968483144417550     
          16          18  0.99666495067756466     
          18          19   1.2821390884506469     
          19          20   1.5562601646124616     
          20          21   1.2715841210181504     
          21          22   1.2804494562049413     
          22          23   1.5541179415385316     
          23          24   1.3226563148429573     
          22          25  0.11760751287769858     
          24          25   1.5523340597800952     
          21          26   1.2535580134025290     
          25          26   1.2832355211377209     
          18          27   1.4470807735337106     
          20          27  0.10577621199850694     
          26          27   1.2352195879195360     
          27          28   1.0288245598517753     
          28          29   1.4522203307426893     
          29          30   1.2876754103260679     
          28          31  0.10501329569177256     
          30          31   1.5568288638580208     
          31          32   1.2727210179089268     
          32          33   1.2826143967189523     
          33          34   1.5527749599794078     
          34          35   1.3239937245347837     
          33          36  0.11694354001603545     
          35          36   1.5510376052527386     
          28          37   1.2341116997552597     
          32          37   1.2522077615866571     
          36          37   1.2859718944791507     
           9          38   1.2160348507251784     
          29          38  0.94964925424237967     
          38          39  0.97606957558454843     
           2          40   1.4036095915419040     
           4          40  0.10503045720157822     
           6          40   1.4129783353121910     
           1          41  0.98000511619631447     
           1          42  0.96064975023952293     
           1          43  0.97789738816118321     
           3          44  0.96742353213457677     
           4          45  0.96726223121996491     
           5          46  0.96746521664664864     
          11          47  0.96388156215341692     
          11          48  0.97299296935464641     
          11          49  0.97613484974371345     
          13          50  0.94314867003167091     
          13          51  0.97400146369650786     
          13          52  0.97617892913755888     
          14          53  0.98256180044779762     
          14          54  0.97861450267807071     
          14          55  0.98206328097226203     
          15          56  0.97966814975410121     
          15          57  0.97300417509004045     
          15          58  0.98180133278419968     
          17          59  0.96243558771766224     
          17          60  0.97019598877726754     
          17          61  0.97711814592597357     
          19          62  0.96241911170048788     
          20          63  0.96628343443609221     
          22          64  0.96703402517793591     
          23          65  0.96945408488091211     
          24          66  0.96977602871460711     
          25          67  0.96546984268886105     
          30          68  0.96135546509696379     
          31          69  0.96625182607303550     
          33          70  0.96688607141594529     
          34          71  0.96913253119721920     
          35          72  0.96942772335696958     
          36          73  0.96540998126803201     
          39          74  0.97566806889406710     
          39          75  0.96793848369510305     
          39          76  0.97603482924734608     
          40          77  0.96194581424465331     
