   -0.11389911
   -0.00017610
   -0.14332407
    0.01147577
   -0.11907449
    0.28765289
   -0.05680025
   -0.07207948
    0.01564719
    0.01108841
   -0.01226742
   -0.10601384
   -0.10648610
   -0.03511852
   -0.02696595
   -0.04039960
    0.00718290
   -0.01158416
   -0.10313134
   -0.10580356
   -0.13080823
   -0.02752489
    0.05073511
   -0.05030542
   -0.03465759
    0.01222330
   -0.03063206
   -0.02134601
   -0.02190917
   -0.03171359
    0.01054285
   -0.00815731
   -0.00975992
    0.05553659
   -0.04662923
   -0.03005520
    0.01354253
   -0.03142746
   -0.02348712
   -0.02396056
   -0.03281886
    0.01346143
   -0.11451964
   -0.04278672
    0.04366646
    0.05046875
    0.06563110
    0.07239414
    0.06473139
    0.05377626
    0.04731834
    0.05780423
    0.05491520
    0.06494432
    0.04013165
    0.04890851
    0.04031084
    0.04654546
    0.02842769
    0.04860077
    0.04731855
    0.05438213
    0.05208129
    0.05509051
    0.03221613
    0.04677778
    0.03834165
    0.04794377
    0.03107102
    0.04891001
    0.03939215
    0.06850936
    0.05133766
    0.05886507
    0.03786233
    0.05274934
    0.04876911
    0.05237392
    0.04971537
    0.04088480
    0.04788519
    0.05397092
    0.04655521
    0.04969634
    0.04645977
    0.03694011
    0.07552390
    0.06172939
    0.07460614
