           1           2   1.0146596562778567     
           2           3  0.96473121107008764     
           3           4  0.95429288366533982     
           4           5   1.0133042354236137     
           3           6   1.2209648726380182     
           6           7   1.0579222030733115     
           7           8   1.1016739411305012     
           8           9  0.97894082145452999     
           9          10   1.3811478792307375     
          10          11   1.0022293594981433     
          11          12  0.99184996312140716     
          11          13  0.99488589915261205     
          10          14   1.4017925953173174     
          14          15   1.4452489574735334     
          10          16  0.10318626514684145     
          15          16   1.4304683465463337     
           9          17   1.3620073815620057     
          14          17  0.10313541455780870     
          16          17   1.4159443901529263     
          17          18   1.0030782974512518     
          18          19  0.98651573957795735     
          18          20   1.0070149024762043     
           6          21   1.1917030396800783     
          21          22  0.97510524365910178     
          21          23  0.95405510855043707     
          23          24   1.2874887100927177     
          24          25   1.5565074273284496     
          25          26   1.2726408359576298     
          26          27   1.2818993296769823     
          27          28   1.5532879095462051     
          28          29   1.3236903367940505     
          27          30  0.11702323831334838     
          29          30   1.5513240727726265     
          26          31   1.2531394078049916     
          30          31   1.2855436473850026     
          23          32   1.4507892957080397     
          25          32  0.10439887243075703     
          31          32   1.2327597811929152     
          32          33   1.0335173358075087     
          33          34   1.4496864514906451     
          34          35   1.2844811715469304     
          33          36  0.10552419312048002     
          35          36   1.5577147651514749     
          36          37   1.2717727035453323     
          37          38   1.2802001265810063     
          38          39   1.5541922897369012     
          39          40   1.3229595790811048     
          38          41  0.11761596097201552     
          40          41   1.5516092180488750     
          33          42   1.2322714965115660     
          37          42   1.2542199177036186     
          41          42   1.2834968742529143     
           6          43   1.2304407888312678     
          34          43  0.98730278234778235     
          43          44  0.96903868350662070     
           1          45  0.97385539980624813     
           1          46  0.98236261638480293     
           1          47  0.98061230004563293     
           2          48  0.96298177610039570     
           2          49  0.95311702975392465     
           4          50  0.95671418967131039     
           4          51  0.96782879691113521     
           5          52  0.98094779821863631     
           5          53  0.98173991681196326     
           5          54  0.97912721383137702     
          11          55  0.95361368821717507     
          12          56  0.98349254377542672     
          12          57  0.98682090136167033     
          12          58  0.98309768934792996     
          13          59  0.98586162966278301     
          13          60  0.98430215066316618     
          13          61  0.98340219691076891     
          14          62  0.96197941691704392     
          15          63  0.96850071947489780     
          16          64  0.96240327464994524     
          18          65  0.95185200719568597     
          19          66  0.98074847261545550     
          19          67  0.97866309861239398     
          19          68  0.98578783507016876     
          20          69  0.98314072695007237     
          20          70  0.98275383598828525     
          20          71  0.98294937078031364     
          22          72  0.97275842128461498     
          22          73  0.97404888408733981     
          22          74  0.96748785877196708     
          24          75  0.96243726076656955     
          25          76  0.96628951786248529     
          27          77  0.96693773611962519     
          28          78  0.96918571785908292     
          29          79  0.96945561047416329     
          30          80  0.96533547460816282     
          35          81  0.96278819351100453     
          36          82  0.96591409909192372     
          38          83  0.96701384714617045     
          39          84  0.96944315471107523     
          40          85  0.96978132671813089     
          41          86  0.96524340242067952     
          44          87  0.97718449572881350     
          44          88  0.97220193242898789     
          44          89  0.96165295132786421     
