   -0.12764600
    0.04421090
   -0.12409168
   -0.17036198
    0.04976736
   -0.12621585
   -0.12392863
    0.57550348
   -0.06588557
   -0.00505444
    0.02956121
   -0.02875802
   -0.04395913
    0.17825737
   -0.20348919
   -0.04429277
   -0.03111324
   -0.25414201
    0.11817780
   -0.05377403
   -0.02631231
   -0.03796446
    0.01466251
   -0.01549804
    0.02374333
   -0.06111059
   -0.06766847
   -0.06043697
   -0.06696573
    0.01722406
   -0.03725674
   -0.02767486
   -0.05465698
    0.12165909
   -0.01494481
   -0.27665349
    0.05508726
    0.05240169
    0.07033343
    0.07054692
    0.05551130
    0.06936414
    0.05153475
    0.04583064
    0.06093550
    0.04745420
    0.07090552
    0.05686394
    0.06220130
    0.06775781
    0.06609185
    0.07926765
    0.08027523
    0.06532984
    0.06162058
    0.06877213
    0.06732791
    0.03774189
    0.05626745
    0.06761121
    0.06683409
    0.05544177
    0.04281941
    0.06396654
    0.06603507
    0.06618724
    0.06614076
    0.06262985
