           1           2   1.0068498828639636     
           2           3   1.0068567998864433     
           2           4  0.93520985556081238     
           4           5  0.93688495036305564     
           5           6   1.0062206285255673     
           5           7   1.0035084920396289     
           4           8   1.2406521713460976     
           8           9  0.96485957089196139     
           9          10   1.1747490992316469     
          10          11  0.98706617423853971     
          11          12   1.4030378234812182     
          12          13   1.4432177797103558     
          13          14   1.3894314380804378     
          14          15  0.97744372355926001     
          12          16  0.10643030848756899     
          14          16   1.3852467095843939     
          11          17   1.4041267409776634     
          13          17  0.10756118991914741     
          16          17   1.4485246088834740     
           8          18   1.3041479053105067     
          18          19  0.87492907627469019     
          19          20   1.3821873149164088     
          20          21   1.4505326357959187     
          21          22   1.4202738428841311     
          20          23  0.10685140561338609     
          22          23   1.4386217984537002     
          19          24   1.4062480270785020     
          21          24  0.10421469638270235     
          23          24   1.3446539481661339     
          24          25  0.99206543756275267     
          25          26  0.95469868848715322     
          23          27   1.0177096853588139     
          26          27   1.0021818109976435     
          25          28  0.95710169990709903     
          28          29   1.0022389064565191     
          29          30   1.0171335570817071     
          30          31   1.4395187697145615     
          31          32   1.4202796973312168     
          30          33  0.10621584685030334     
          32          33   1.4500531219223680     
          33          34   1.3837204125700819     
          25          35  0.98938857122372459     
          30          35   1.3450672270828019     
          32          35  0.10468045538492909     
          34          35   1.4039712180141992     
           8          36   1.2817155621823659     
          34          36  0.86812003137173333     
           1          37  0.97574030414303514     
           1          38  0.97936934178438861     
           1          39  0.97922998208648926     
           2          40  0.95436916102507330     
           3          41  0.97863499374120255     
           3          42  0.97922985824305875     
           3          43  0.98388892451093612     
           5          44  0.94561767992567591     
           6          45  0.98084372684637156     
           6          46  0.97818736620509916     
           6          47  0.97874001627392271     
           7          48  0.98023950241739999     
           7          49  0.97918419375039023     
           7          50  0.97966553040021109     
          12          51  0.96617672230634799     
          13          52  0.96259878904078833     
          16          53  0.96230722494563981     
          17          54  0.96493307953446728     
          20          55  0.96295463917810531     
          21          56  0.96722436153253333     
          22          57  0.96541297373668689     
          26          58  0.97623164163101328     
          26          59  0.97635596111020473     
          27          60  0.95291571959460708     
          27          61  0.96342456429999168     
          28          62  0.97658431170966498     
          28          63  0.97837167404981518     
          29          64  0.96427950224554271     
          29          65  0.95438871885074184     
          31          66  0.96569051424677710     
          32          67  0.96743800869726804     
          33          68  0.96147804037218965     
