   -0.03295537
   -0.11977512
    0.05079677
   -0.04511867
   -0.03276738
    0.01407414
   -0.03008386
   -0.02103600
   -0.02172279
   -0.03107203
    0.01246402
   -0.00616199
   -0.01028979
    0.05538097
   -0.04892724
   -0.03300798
    0.01202159
   -0.03108827
   -0.02288336
   -0.02311542
   -0.03313037
    0.01182283
   -0.11980572
   -0.03799733
    0.27515605
   -0.22113975
    0.08633020
   -0.06904367
   -0.01428404
   -0.06869164
   -0.01364825
   -0.06708271
   -0.01444906
   -0.06831209
   -0.06746380
   -0.06090777
   -0.05815996
   -0.05647187
    0.03696550
   -0.03270991
   -0.02377292
   -0.02179300
   -0.02336027
   -0.03009312
    0.06105931
    0.06185056
    0.06089002
    0.03868617
    0.05441789
    0.04942795
    0.05275225
    0.04991381
    0.04056257
    0.04877392
    0.05325077
    0.04816568
    0.05037005
    0.04708351
    0.03662363
    0.07769245
    0.06091056
    0.06426582
    0.20563824
    0.03497192
    0.03832896
    0.04273869
    0.05059972
    0.03822633
    0.03925326
    0.03695445
    0.05071463
    0.04334573
    0.04985491
    0.03955508
    0.04306362
    0.03815235
    0.04185666
    0.04054225
    0.04672738
    0.05096069
    0.05757163
    0.05802248
    0.05353460
