           1           2  0.97499875916660361     
           2           3  0.94649342863781394     
           3           4   1.2899078587827479     
           4           5   1.5559707886659069     
           5           6   1.2732532827551930     
           6           7   1.2821951407764967     
           7           8   1.5532705293327957     
           8           9   1.3236776086725868     
           7          10  0.11707171954541976     
           9          10   1.5514984565753522     
           6          11   1.2523666828885576     
          10          11   1.2856006682041925     
           3          12   1.4564739260939366     
           5          12  0.10555924085900667     
          11          12   1.2342156141501006     
          12          13   1.0285843993703818     
          13          14   1.4499403426668012     
          14          15   1.2859401266833690     
          13          16  0.10593988136583854     
          15          16   1.5545613930098678     
          16          17   1.2721357599124006     
          17          18   1.2805170332100955     
          18          19   1.5544494617599893     
          19          20   1.3227416410338886     
          18          21  0.11741210831296993     
          20          21   1.5530319674508213     
          13          22   1.2360256870170869     
          17          22   1.2530504340175694     
          21          22   1.2834729538928187     
          14          23  0.98689799015833579     
          23          24  0.97329713471444257     
           2          25   1.2393835167049236     
          23          25   1.2148657631365525     
          25          26   1.2936145747599765     
          26          27  0.92396166504297517     
          27          28  0.98262288524762242     
          28          29  0.99203324123922365     
          29          30  0.99857674176018274     
          30          31  0.99833359339290983     
          31          32  0.99648587418062828     
          32          33  0.99873264617877788     
          29          34  0.99787925750611928     
          33          34  0.99851210596741069     
          27          35  0.97950451239999681     
          33          35  0.99124738008094981     
          27          36  0.98852389132566376     
          31          36  0.99059691348203016     
          25          37  0.98889018711152454     
          37          38   1.1422306857167037     
          38          39  0.97678751104365902     
          39          40   1.4075687347108690     
          40          41   1.4377384566776839     
          39          42  0.10273495734171606     
          41          42   1.4389007029081826     
          40          43  0.10885341351784576     
          42          43   1.4328926858382500     
          39          44   1.4059941517625101     
          41          44  0.10976162594529511     
          43          44   1.4434211336530267     
           1          45  0.96736164273400993     
           1          46  0.97572269961028524     
           1          47  0.97722741903720334     
           4          48  0.96048153331340969     
           5          49  0.96610482707779854     
           7          50  0.96686497673064209     
           8          51  0.96915584349656192     
           9          52  0.96945348632854111     
          10          53  0.96542072995300254     
          15          54  0.96256437256873473     
          16          55  0.96629821777948455     
          18          56  0.96699781957471687     
          19          57  0.96939656771240990     
          20          58  0.96970640202421121     
          21          59  0.96543652289698034     
          24          60  0.97640603700000439     
          24          61  0.96499458958995699     
          24          62  0.97120313251160861     
          26          63  0.89419445757395621     
          28          64  0.97360102767109269     
          28          65  0.96472173622954549     
          29          66  0.96645139009938275     
          30          67  0.97390774322949936     
          30          68  0.97501713806304280     
          31          69  0.96700363831589675     
          32          70  0.97525902686214705     
          32          71  0.97348988506556966     
          33          72  0.96601877573544315     
          34          73  0.97383773332626078     
          34          74  0.97507382950903854     
          35          75  0.97365578548398413     
          35          76  0.97309503276848131     
          36          77  0.94138146037511006     
          36          78  0.96407998556157770     
          40          79  0.96333351676669421     
          41          80  0.96823270918882343     
          42          81  0.96882630526271352     
          43          82  0.96737845707531078     
          44          83  0.96693142158086232     
