   -0.11143320
    0.01865408
   -0.03575415
   -0.02488500
   -0.02919541
   -0.03372471
    0.02318279
   -0.02128909
   -0.07900750
    0.58943181
   -0.18188970
    0.04268760
   -0.12050810
   -0.12733435
    0.08347161
   -0.12496370
   -0.12198586
   -0.13536596
   -0.26111725
    0.10767712
   -0.00086431
   -0.11070879
   -0.03798178
   -0.03797510
    0.01066550
   -0.01859643
    0.02510620
   -0.06071767
   -0.06526005
   -0.05993623
   -0.06506856
    0.00974616
   -0.04029428
   -0.04061961
   -0.00210100
   -0.10880768
    0.11408999
   -0.01928439
   -0.28155799
    0.05269107
    0.05942781
    0.05509356
    0.05288142
    0.05556450
    0.05400112
    0.04830204
    0.07129663
    0.05017645
    0.06714311
    0.04754102
    0.05132195
    0.06029233
    0.06225924
    0.06946479
    0.05724737
    0.04140113
    0.05191081
    0.06691691
    0.05682624
    0.05760742
    0.06854518
    0.05856998
    0.06752230
    0.06548843
    0.04607027
    0.06355303
    0.06236097
    0.04072391
    0.05106018
    0.05949945
    0.06134967
    0.05187835
    0.03938451
    0.05888871
    0.06109289
    0.06089302
    0.06007963
    0.06020666
    0.05287523
    0.05410571
