           1           2   1.0305108486746548     
           2           3   1.4054694930698759     
           3           4   1.4457568938795213     
           2           5  0.10352665055426502     
           4           5   1.4278383622489241     
           3           6  0.10755469416021717     
           5           6   1.4432086517015055     
           2           7   1.3743835737047354     
           4           7  0.10047952282348928     
           6           7   1.4089854002669728     
           7           8  0.97433514508678287     
           8           9   1.1921003618740131     
           9          10  0.94984629181350255     
          10          11   1.2261632797173256     
          11          12  0.93139719125961040     
          12          13   1.0087143490945876     
          12          14   1.0036586244238095     
          11          15  0.92447165679339205     
          15          16  0.99800331272167297     
          15          17  0.99450746056788941     
          15          18  0.99564768127601144     
          10          19   1.2834418920456208     
          19          20  0.87781913312367965     
          20          21   1.3513568635255495     
          21          22   1.0304695559607111     
          21          23   1.4182016263374115     
          23          24   1.4270870017396537     
          21          25  0.10215479963858873     
          24          25   1.4348001699949910     
          20          26   1.4064445218621577     
          23          26  0.10308676319018951     
          25          26   1.3476737705429289     
          26          27  0.99031750886924841     
          27          28  0.95698122891359916     
          25          29   1.0156346540107355     
          28          29   1.0021018494481031     
          27          30  0.95546556184569287     
          30          31   1.0027093657908477     
          31          32   1.0158788240076955     
          32          33   1.4377811968425895     
          33          34   1.4238668473075367     
          32          35  0.10249131314828562     
          34          35   1.4220873610479801     
          35          36   1.0272716191486300     
          35          37   1.3510219605348852     
          27          38  0.98947824035245646     
          32          38   1.3447882263735478     
          34          38  0.10287205648730781     
          37          38   1.4066789692921022     
          10          39   1.2555227531685038     
          37          39  0.87829662283023502     
           1          40  0.96429492164489095     
           1          41  0.96524827994828732     
           1          42  0.98274323712885781     
           3          43  0.96556316471249426     
           4          44  0.96874536779534071     
           5          45  0.96769324107674903     
           6          46  0.96517137571398814     
          12          47  0.94869379270521303     
          13          48  0.97310136378620338     
          13          49  0.97863762641658480     
          13          50  0.98271775346440970     
          14          51  0.97911743424095798     
          14          52  0.98125992417190699     
          14          53  0.97913163799950331     
          16          54  0.97885421995475463     
          16          55  0.98060545109200270     
          16          56  0.97725616110426594     
          17          57  0.97778943147254616     
          17          58  0.97672404795238199     
          17          59  0.97528487168770517     
          18          60  0.96066988545367216     
          18          61  0.97639803384558477     
          18          62  0.97254183639583935     
          22          63  0.96242351431271078     
          22          64  0.98151147430593744     
          22          65  0.96144811356701121     
          23          66  0.96569623591846776     
          24          67  0.96607463716499264     
          28          68  0.97608837807594118     
          28          69  0.97721574566664104     
          29          70  0.96549548771167026     
          29          71  0.95636635159631234     
          30          72  0.97687797242724672     
          30          73  0.97867700246502642     
          31          74  0.96553789708487270     
          31          75  0.95584680757000218     
          33          76  0.96608249063507901     
          34          77  0.96570290333739461     
          36          78  0.98177597366920144     
          36          79  0.95670696986221127     
          36          80  0.97108040178919297     
