   -0.05051232
   -0.12106085
   -0.04088660
    0.28355829
   -0.01363486
   -0.02792675
    0.03752297
   -0.02685286
   -0.01478138
   -0.01654427
   -0.01910765
   -0.02691125
    0.49056355
   -0.19519815
   -0.19286427
   -0.21162020
   -0.11116546
    0.06396537
   -0.04672297
   -0.02370756
   -0.02532766
   -0.02150556
   -0.03866523
    0.05556834
   -0.04340912
   -0.03184776
    0.01210194
   -0.03067534
   -0.02300844
   -0.02425637
   -0.03359151
    0.01001241
   -0.00820204
   -0.00969356
    0.05375069
   -0.04834812
   -0.03282740
    0.01287391
   -0.02983288
   -0.02134808
   -0.02200016
   -0.03259828
    0.01075270
   -0.12036850
    0.06276505
   -0.04650389
   -0.02078147
   -0.02921027
   -0.02724263
   -0.04384339
    0.07604287
    0.07698381
    0.06657623
    0.06422692
    0.07446234
    0.06129961
    0.06355554
    0.06993472
    0.07622577
    0.08258469
    0.04473304
    0.05582104
    0.05966495
    0.05820684
    0.04554505
    0.04594951
    0.05674117
    0.04986721
    0.05151821
    0.04726829
    0.03703231
    0.04230128
    0.05538719
    0.04970694
    0.05275593
    0.04950004
    0.03910731
    0.04893711
    0.06259036
    0.05726273
    0.04994668
    0.03941414
