           1           2  0.97724198744367485     
           2           3  0.97107584727608687     
           2           4   1.2417491557186484     
           4           5   1.0107863987775765     
           5           6   1.1602094190695504     
           6           7  0.99301022849092535     
           7           8   1.4019101038476993     
           8           9   1.4394359827544709     
           7          10  0.10155162761571933     
           9          10   1.4352991315021690     
           8          11  0.10493659316006153     
          10          11   1.4342810835008775     
           7          12   1.3792529533686535     
           9          12  0.10458205901961792     
          11          12   1.4159316725808300     
          12          13  0.94869087340031044     
          13          14  0.95434270088217943     
          13          15  0.96151881461257949     
          13          16  0.93234283634189519     
           4          17   1.2272557977471248     
          17          18  0.97581049879172854     
          18          19   1.3977468932615464     
          19          20   1.4357217346050533     
          18          21  0.10325942310720886     
          20          21   1.4426674666856729     
          19          22  0.10835178338398783     
          21          22   1.4323916899533500     
          18          23   1.3886305746352190     
          20          23  0.11136418893921748     
          22          23   1.4489679937056010     
          17          24  0.95849339631947195     
          24          25   1.2851325221524457     
          25          26   1.5609182196128779     
          26          27   1.2689688165592627     
          27          28   1.2828742613013087     
          28          29   1.5520633000606665     
          29          30   1.3251480710076879     
          28          31  0.11710620946623697     
          30          31   1.5499953208989199     
          27          32   1.2533121742861097     
          31          32   1.2858938963727118     
          24          33   1.4577276274227411     
          26          33  0.10391735890091944     
          32          33   1.2286601944845881     
          33          34   1.0344651958501099     
          34          35   1.4604177752908396     
          35          36   1.2831401646322831     
          34          37  0.10402445031914154     
          36          37   1.5597793289537765     
          37          38   1.2709768703638549     
          38          39   1.2825856276205683     
          39          40   1.5524690463210371     
          40          41   1.3249500617905976     
          39          42  0.11702384107003422     
          41          42   1.5497078436379932     
          34          43   1.2284906650691869     
          38          43   1.2541804696516363     
          42          43   1.2875042276060338     
           4          44   1.2099727116145291     
          35          44  0.94759683176601095     
          44          45  0.98702708508352766     
          45          46   1.3966790625141132     
          46          47   1.4355193857456987     
          45          48  0.10173176858660374     
          47          48   1.4427111371559347     
          46          49  0.10745436816891446     
          48          49   1.4309252738086748     
          45          50   1.3840164339068850     
          47          50  0.11116068918734691     
          49          50   1.4502012434376388     
           1          51  0.97504252968350980     
           1          52  0.96076655723015925     
           1          53  0.97564564248184205     
           3          54  0.96373870082391289     
           3          55  0.97528093382308545     
           3          56  0.97557866439420282     
           8          57  0.96090768616555067     
           9          58  0.96577305794804680     
          10          59  0.96582059488250560     
          11          60  0.96208792000196208     
          19          61  0.94644375090818111     
          20          62  0.96882328625468916     
          21          63  0.96869974348497701     
          22          64  0.96838880619805068     
          23          65  0.96774185525493384     
          25          66  0.96456075011643017     
          26          67  0.96574738898170887     
          28          68  0.96687498405367855     
          29          69  0.96927488592910604     
          30          70  0.96969284298552449     
          31          71  0.96571514994610308     
          36          72  0.96544136404916803     
          37          73  0.96572582007035412     
          39          74  0.96682853843888605     
          40          75  0.96912680656612538     
          41          76  0.96950976325686622     
          42          77  0.96515248463466308     
          46          78  0.94643954104553607     
          47          79  0.96800469136450173     
          48          80  0.96892419427413190     
          49          81  0.96883746782594171     
          50          82  0.96688864805320274     
