   -0.11845963
    0.03957482
   -0.00910565
   -0.03762492
   -0.03152926
   -0.03191051
    0.01712475
   -0.02976630
   -0.02412121
   -0.02435225
   -0.03798473
    0.00863989
   -0.14171905
    0.04335963
   -0.11020049
   -0.01643835
   -0.03842688
   -0.03088256
   -0.03170581
    0.01501928
   -0.03152167
   -0.02676975
   -0.02716405
   -0.04141549
    0.00396643
    0.27526654
   -0.06211992
   -0.05409122
    0.04190044
   -0.03189606
   -0.02145435
   -0.02598679
   -0.02339075
   -0.03433376
   -0.12180342
   -0.03455380
    0.05380841
   -0.04536126
   -0.03254457
    0.01231042
   -0.03069427
   -0.02258134
   -0.02305171
   -0.03071207
    0.01340742
   -0.00447965
   -0.00966580
    0.05523416
   -0.05240908
   -0.03293261
    0.01267252
   -0.03086976
   -0.02350185
   -0.02329888
   -0.03212897
    0.01300309
   -0.12643110
   -0.03207801
    0.05946700
    0.06440471
    0.04947497
    0.07067482
    0.03230592
    0.03619769
    0.04852887
    0.04620503
    0.04757923
    0.04403123
    0.02720929
    0.05954981
    0.05527037
    0.04710395
    0.06003283
    0.03921917
    0.04301052
    0.04886454
    0.04744212
    0.04517896
    0.03473808
    0.02124175
    0.04428334
    0.05306232
    0.05380885
    0.05273487
    0.04618020
    0.06664803
    0.06476222
    0.05952267
    0.03757254
    0.04690868
    0.04416491
    0.04961331
    0.04828845
    0.04037985
    0.04213407
    0.05138457
    0.04676553
    0.04872935
    0.04554587
    0.03587527
    0.07383610
    0.06727694
    0.05097299
