           1           2  0.99086842496791760     
           2           3  0.98535765313821622     
           3           4   1.5281437052487501     
           4           5   1.3228202603479728     
           3           6  0.11497601932120538     
           5           6   1.5508566967282300     
           6           7   1.2799126384226318     
           7           8   1.2791656589382689     
           8           9   1.5573083105378327     
           9          10   1.3218867068392253     
           8          11  0.11782855206137162     
          10          11   1.5533690766429114     
           3          12   1.2489884179616024     
           7          12   1.2518165187747408     
          11          12   1.2822617089458048     
           2          13  0.94168292172551449     
          13          14  0.91500603522001656     
          14          15  0.99565227741566131     
          14          16  0.98707859538682463     
          16          17   1.5256209170385318     
          17          18   1.3236341338540418     
          16          19  0.11493430597445055     
          18          19   1.5547094108435433     
          19          20   1.2782695542173577     
          20          21   1.2805129747384660     
          21          22   1.5553818416544147     
          22          23   1.3244030576090757     
          21          24  0.11809311101324160     
          23          24   1.5502601298050762     
          16          25   1.2434190144002504     
          20          25   1.2521454741749023     
          24          25   1.2867917925317238     
          13          26   1.2621980893429547     
          26          27  0.96773843863977005     
          27          28   1.1580200157680252     
          28          29  0.98667675548663281     
          29          30   1.3925249739362047     
          30          31   1.4427284239411784     
          29          32  0.10101291093471920     
          31          32   1.4335787252767014     
          30          33  0.10998123984395131     
          32          33   1.4372831907041943     
          29          34   1.4066087634577584     
          31          34  0.10831592944747497     
          33          34   1.4366074087306375     
          26          35   1.2275646691358979     
          35          36  0.97243954545731226     
          35          37  0.95857615666690532     
          37          38   1.2889529769474906     
          38          39   1.5563117871663765     
          39          40   1.2728776361169361     
          40          41   1.2789925329102079     
          41          42   1.5552720596942580     
          42          43   1.3224200042696377     
          41          44  0.11729715463714921     
          43          44   1.5525678631065594     
          40          45   1.2559860993468923     
          44          45   1.2848538524339050     
          37          46   1.4560409788063227     
          39          46  0.10573874887044177     
          45          46   1.2306239550223259     
          46          47   1.0351550665081026     
          47          48   1.4508639875713849     
          48          49   1.2779119218516455     
          47          50  0.10522752828071778     
          49          50   1.5572645111599408     
          50          51   1.2717669058560264     
          51          52   1.2802864156108162     
          52          53   1.5538728984845402     
          53          54   1.3234875359701663     
          52          55  0.11776861251789812     
          54          55   1.5516072268575734     
          47          56   1.2307441611399699     
          51          56   1.2550100910467601     
          55          56   1.2850070123936932     
          26          57   1.1945302656091648     
          48          57  0.98623720505558810     
          57          58  0.97200467099806509     
           1          59  0.97190266407057901     
           1          60  0.97867467284961562     
           1          61  0.97737510122864568     
           2          62  0.93907117808631935     
           4          63  0.91533684466556076     
           5          64  0.96988303761669703     
           6          65  0.96657740431717054     
           8          66  0.96706085503865813     
           9          67  0.96956717523775160     
          10          68  0.97012814973208150     
          11          69  0.96157858484381054     
          14          70  0.92080793571810138     
          15          71  0.97809706486098158     
          15          72  0.98007709637512641     
          15          73  0.97906108460996943     
          17          74  0.95873406683532092     
          18          75  0.96963680937950958     
          19          76  0.96660971868045809     
          21          77  0.96683870831519669     
          22          78  0.96966736405424325     
          23          79  0.96942406986987795     
          24          80  0.95397626967377314     
          30          81  0.96703337343859364     
          31          82  0.96740187692947477     
          32          83  0.96907358187006587     
          33          84  0.96778348894823618     
          34          85  0.96222816371395725     
          36          86  0.96218875649879221     
          36          87  0.97461652532613030     
          36          88  0.97326026702968627     
          38          89  0.96190180185803853     
          39          90  0.96641256719998081     
          41          91  0.96684853729919218     
          42          92  0.96942215347094929     
          43          93  0.96962582993789936     
          44          94  0.96549294633129523     
          49          95  0.96363124857045512     
          50          96  0.96626010822662900     
          52          97  0.96713530887241483     
          53          98  0.96953639976139039     
          54          99  0.96985415433940414     
          55         100  0.96533932073585804     
          58         101  0.97787250696201089     
          58         102  0.96071208816515741     
          58         103  0.97153645583187864     
