    0.03243460
   -0.25498341
    0.14675540
   -0.06574457
   -0.02556788
   -0.03795430
   -0.03283451
    0.00788324
    0.00026723
   -0.06719327
    0.57478803
   -0.17064949
    0.04422308
   -0.12759174
   -0.12431818
    0.04873903
   -0.12535360
   -0.12278141
   -0.27122094
    0.12491243
   -0.05520300
   -0.02941699
   -0.03848648
    0.01591933
   -0.01593296
    0.02419225
   -0.06066901
   -0.06631253
   -0.06071376
   -0.06706314
    0.01527876
   -0.03645706
   -0.02466497
   -0.05251184
    0.11928112
   -0.01472704
   -0.25643731
    0.05667890
    0.04345296
    0.07257923
    0.05317494
    0.05504063
    0.05462945
    0.05534799
    0.06908229
    0.05294465
    0.06978357
    0.05404355
    0.06796347
    0.05615066
    0.05216961
    0.05022041
    0.04745394
    0.05941620
    0.06970357
    0.06078325
    0.06608573
    0.05556058
    0.06392709
    0.06368362
    0.06407217
    0.05414166
    0.04354910
    0.06308163
    0.06362254
    0.05330120
    0.03652741
    0.06620415
    0.05963243
    0.06452133
    0.06924152
    0.06234343
