           1           2  0.97369402806565919     
           2           3   1.0874084110503328     
           3           4   1.3638145909524713     
           4           5   1.4390545700231869     
           5           6   1.4326186086464181     
           4           7  0.10249544813652887     
           6           7   1.4285293180191390     
           3           8   1.3134848148539340     
           7           8   1.4277552010672130     
           8           9  0.98565351279344637     
           9          10   1.1696954504577008     
          10          11  0.97234692493870867     
          11          12   1.2345459701633166     
          12          13  0.93712014952086164     
          13          14   1.0069246439077209     
          13          15   1.0066705260663251     
          12          16  0.93717947960958337     
          16          17   1.0061367344264682     
          16          18   1.0037155517375358     
          11          19   1.2830076901367056     
          19          20  0.87560063903900687     
          20          21   1.3834293928066406     
          21          22   1.4503675761924493     
          22          23   1.4205088469248590     
          21          24  0.10630954211910236     
          23          24   1.4392721532157382     
          20          25   1.4033743237394840     
          22          25  0.10494108791445565     
          24          25   1.3466801221345834     
          25          26  0.98935555267429820     
          26          27  0.95757647393970480     
          24          28   1.0167037417114801     
          27          28   1.0022843160411099     
          26          29  0.95538191846106391     
          29          30   1.0022928150797252     
          30          31   1.0164594247683456     
          31          32   1.4394959022848048     
          32          33   1.4206424175113854     
          31          34  0.10707779711930122     
          33          34   1.4504147538563035     
          34          35   1.3827879155947840     
          26          36  0.99172457750293153     
          31          36   1.3460890409419075     
          33          36  0.10433842105556662     
          35          36   1.4058195280746839     
          11          37   1.2981119569005504     
          35          37  0.87684738441991816     
           1          38  0.97569402993174781     
           1          39  0.97669352207132387     
           1          40  0.97837621590000423     
           4          41  0.96303419326300332     
           5          42  0.96839198561736106     
           6          43  0.96747544956716491     
           7          44  0.96548332958942384     
          13          45  0.95482240113100192     
          14          46  0.97907435796750808     
          14          47  0.97925912136250359     
          14          48  0.97455182670612961     
          15          49  0.97955447977166510     
          15          50  0.97874748615080054     
          15          51  0.98401657149475241     
          16          52  0.94553559127955489     
          17          53  0.97815495947886610     
          17          54  0.98098501125295590     
          17          55  0.97899268877658052     
          18          56  0.97944827279050872     
          18          57  0.97997766484402027     
          18          58  0.98089703088307412     
          21          59  0.96109201312322257     
          22          60  0.96780390231238167     
          23          61  0.96603525254088707     
          27          62  0.97690324583114208     
          27          63  0.97842580975870197     
          28          64  0.96456902070641248     
          28          65  0.95515888495897983     
          29          66  0.97681436075383998     
          29          67  0.97473800961606250     
          30          68  0.95465380597124472     
          30          69  0.96428149217688097     
          32          70  0.96592287058919413     
          33          71  0.96717771046055656     
          34          72  0.96225036066624370     
