   -0.11870959
    0.04820359
   -0.12159624
   -0.12109606
    0.04663961
   -0.11767476
   -0.11890544
    0.22480701
   -0.05031052
   -0.07718331
    0.04023667
   -0.03478356
   -0.02312391
   -0.02391291
   -0.02306581
   -0.03082540
   -0.11980954
   -0.03256219
    0.05089966
   -0.04339406
   -0.03023460
    0.01537470
   -0.02927655
   -0.02058535
   -0.02150199
   -0.03110372
    0.01242343
   -0.00440408
   -0.00688457
    0.05366784
   -0.04725055
   -0.03249334
    0.01414072
   -0.03012760
   -0.02150629
   -0.02229375
   -0.03258684
    0.01178010
   -0.12689107
   -0.02749673
    0.06222346
    0.05450062
    0.04785386
    0.06039732
    0.07065598
    0.06573004
    0.05831362
    0.05511227
    0.06142973
    0.04859584
    0.05801864
    0.04666769
    0.05837888
    0.05869400
    0.04716976
    0.05618486
    0.05694024
    0.05501131
    0.05063365
    0.06638275
    0.06983491
    0.05612833
    0.04523315
    0.05753646
    0.05066053
    0.05304824
    0.04974534
    0.04055884
    0.04231457
    0.05419798
    0.04903500
    0.05187185
    0.04863444
    0.03828280
    0.05535492
    0.05474444
    0.06734068
