           1           2   1.0015380571149264     
           2           3   1.0076183263525533     
           2           4  0.93794395528338703     
           4           5  0.93031180242492029     
           5           6   1.0079124598233644     
           5           7   1.0019775904461643     
           4           8   1.2860094099837971     
           8           9  0.87962631352100984     
           9          10   1.2443759868376922     
          10          11  0.97194329962971582     
          11          12   1.4010344297685213     
          12          13   1.4385409270043894     
          11          14  0.10262470503043530     
          13          14   1.4385669162905244     
          12          15  0.10841050997849075     
          14          15   1.4328612239785892     
          11          16   1.4035272542404427     
          13          16  0.10965751712935623     
          15          16   1.4433156750118452     
           8          17   1.2401573387344682     
          17          18  0.97530621621007596     
          17          19  0.95616548885508312     
          19          20   1.2847698895390987     
          20          21   1.5452570763096314     
          21          22   1.2773962783044275     
          22          23   1.2799867892578511     
          23          24   1.5553487035962648     
          24          25   1.3218269211411742     
          23          26  0.11716425419707911     
          25          26   1.5529518263580553     
          22          27   1.2505977368315886     
          26          27   1.2838653223895706     
          19          28   1.4459906701476744     
          21          28  0.10579793625744253     
          27          28   1.2377279689310945     
          28          29   1.0353653865132029     
          29          30   1.4637910786222623     
          30          31   1.2889710027493857     
          29          32  0.10569184702269283     
          31          32   1.5566917377602614     
          32          33   1.2732344619313156     
          33          34   1.2811150395463144     
          34          35   1.5540486764293424     
          35          36   1.3237729405932437     
          34          37  0.11737438627699781     
          36          37   1.5513198541362891     
          29          38   1.2302715746395041     
          33          38   1.2543871285697830     
          37          38   1.2859995425172814     
           8          39   1.2317933348370884     
          30          39  0.96310175427699518     
          39          40  0.97025925920155021     
           1          41  0.97828306356064165     
           1          42  0.97526330857404742     
           1          43  0.97709186177577345     
           2          44  0.95803273542698641     
           3          45  0.97516676340352593     
           3          46  0.96346324249832005     
           3          47  0.95652624464732638     
           5          48  0.94399863456870670     
           6          49  0.97897429177513529     
           6          50  0.98075944710801766     
           6          51  0.97975301613012156     
           7          52  0.97859867427033387     
           7          53  0.98033605858156703     
           7          54  0.97829873591056660     
          12          55  0.96682469159870787     
          13          56  0.96751627113259508     
          14          57  0.96877870475233696     
          15          58  0.96748602932586192     
          16          59  0.95339505523790835     
          18          60  0.97358469891394217     
          18          61  0.96432941674058226     
          18          62  0.97488281096264118     
          20          63  0.96029720094069171     
          21          64  0.96560762726268612     
          23          65  0.96675356790178835     
          24          66  0.96910832473637687     
          25          67  0.96945808353083285     
          26          68  0.96569104002991568     
          31          69  0.96413687101709589     
          32          70  0.96590012458116103     
          34          71  0.96687268487138978     
          35          72  0.96921120433917252     
          36          73  0.96956766481112555     
          37          74  0.96504327855910388     
          40          75  0.96399426247816700     
          40          76  0.97446604117981184     
          40          77  0.97449490606228939     
