    0.02998578
   -0.25558818
    0.14870453
   -0.05833258
   -0.03616903
   -0.00609359
   -0.00941906
   -0.03471040
   -0.03835627
    0.01190833
   -0.01635259
    0.11449313
   -0.25708722
    0.49285121
    0.00576770
   -0.02002553
    0.03436427
   -0.04274488
   -0.02783852
   -0.03822071
    0.03012423
   -0.11881328
   -0.04612642
   -0.17354755
    0.05591462
   -0.12263096
   -0.11994288
    0.05507331
   -0.12375256
   -0.11920170
   -0.27336554
    0.11688795
   -0.00915965
   -0.00187125
   -0.03242510
   -0.05580096
    0.14739098
   -0.26090003
    0.03181752
   -0.06772321
   -0.03705202
   -0.03849710
   -0.04127370
    0.00904387
   -0.01947096
    0.02492201
   -0.05959511
   -0.06417685
   -0.05871281
   -0.06436465
   -0.03436042
   -0.06509772
    0.04394748
    0.05132394
    0.07272656
    0.05399226
    0.04091095
    0.06210123
    0.06050722
    0.04835535
    0.06652235
    0.05458438
    0.05431432
    0.05971795
    0.06783415
    0.05221809
    0.03359140
    0.04064837
    0.06684663
    0.05995145
    0.06146062
    0.06054467
    0.05680388
    0.05246620
    0.05953766
    0.06181555
    0.05231392
    0.05415363
    0.05366172
    0.06023246
    0.04548678
    0.05498278
    0.04256963
    0.07122204
    0.05041611
    0.04468193
    0.03803135
    0.05839461
    0.05786523
    0.04104546
    0.05092287
    0.06063856
    0.05877230
    0.03809700
    0.05072962
    0.06036119
    0.05680799
    0.04548011
    0.04996163
