           1           2  0.97782581711975347     
           2           3   1.0886385911643621     
           3           4   1.3343801167341336     
           4           5   1.4816895846690623     
           5           6   1.3613338237445141     
           6           7   1.0504260942491930     
           7           8   1.3925511594556395     
           8           9   1.4361876099855999     
           9          10   1.4284195136502604     
           8          11  0.10057774404977630     
          10          11   1.3470284003548516     
           7          12   1.3290568094449213     
          11          12   1.4080447196115380     
          12          13  0.88968558661047614     
          13          14   1.2939704830066008     
          14          15  0.89492595497443861     
          15          16   1.3416886180780585     
          16          17  0.95041304714323627     
          17          18   1.4150034249604582     
          18          19   1.4216150536675525     
          17          20  0.10064441525071408     
          19          20   1.4530411408832700     
          18          21  0.10397981684505102     
          20          21   1.3950032294019188     
          21          22   1.0306273027905863     
          17          23   1.3958404061062515     
          19          23  0.10511541682861861     
          21          23   1.4116606531189286     
          14          24   1.2069573053156184     
          24          25  0.94685812018598392     
          25          26   1.0042736590899848     
          25          27   1.0047526785927701     
          24          28  0.93186847575157239     
          28          29  0.99912468371719498     
          28          30   1.0062248297292746     
          14          31   1.2543232781635238     
          31          32  0.89016927920380606     
          32          33   1.3285048975183018     
          33          34   1.0555226774260156     
          34          35   1.3583330687055277     
          35          36   1.4877921465858062     
          36          37   1.3341777749118398     
          37          38   1.0805272567463688     
          38          39  0.97817511863880302     
          37          40   1.3632366576825632     
          34          41   1.3873946811455933     
          36          41  0.10191255232913179     
          40          41   1.4481351603329393     
          33          42   1.3888544718924656     
          42          43   1.4355608932894346     
          43          44   1.4281398154979046     
          32          45   1.4071803354291530     
          42          45  0.10037858647724403     
          44          45   1.3472700429369573     
          11          46  0.99015534725882914     
          45          46  0.98714502067815035     
          46          47  0.95547852388403332     
          10          48   1.0162591268195538     
          47          48   1.0020386378430841     
          46          49  0.95951806257107997     
          44          50   1.0157207837301927     
          49          50   1.0022104096481366     
           4          51  0.10140430056625818     
           6          51   1.3817579290000253     
           3          52   1.3575399664046928     
          51          52   1.4528897300858621     
           1          53  0.97635832793546862     
           1          54  0.97619164971147621     
           1          55  0.97861532649071570     
           4          56  0.96674693747049367     
           5          57  0.96631325200690210     
           8          58  0.96556322114266646     
           9          59  0.96592128974850944     
          18          60  0.94628397843902423     
          19          61  0.96305897366308357     
          20          62  0.96757421251781239     
          22          63  0.98276705158439093     
          22          64  0.97433209142143429     
          22          65  0.96105901724317111     
          23          66  0.96318284131302956     
          25          67  0.93897967763680390     
          26          68  0.96799813528418555     
          26          69  0.97737930708841247     
          26          70  0.97814703797067892     
          27          71  0.97557825261030551     
          27          72  0.97845916514415721     
          27          73  0.98034634571528767     
          28          74  0.94951143527344573     
          29          75  0.97944840859939231     
          29          76  0.97958891618672816     
          29          77  0.97646436841452433     
          30          78  0.97981522985792668     
          30          79  0.97914874187403755     
          30          80  0.98024147219363356     
          35          81  0.96668728930030789     
          36          82  0.96587287513516473     
          39          83  0.97664016750097038     
          39          84  0.97870530505170117     
          39          85  0.97645886874032795     
          40          86  0.96519560452958397     
          41          87  0.96467524050877906     
          42          88  0.96520747857741418     
          43          89  0.96613763300573996     
          47          90  0.97870079406083899     
          47          91  0.97686442807300189     
          48          92  0.95553385216297115     
          48          93  0.96647580435931946     
          49          94  0.97888672015929257     
          49          95  0.97730545456998363     
          50          96  0.95624278884638381     
          50          97  0.96573486088235949     
          51          98  0.96487845401154448     
          52          99  0.96431468325736491     
