   -0.03130705
   -0.13196334
    0.05166846
   -0.04730563
   -0.03341215
    0.01306084
   -0.03018493
   -0.02063504
   -0.02136555
   -0.03170316
    0.01101923
   -0.00752495
   -0.01130610
    0.05334839
   -0.05104150
   -0.03399295
    0.01135212
   -0.03154334
   -0.02274268
   -0.02281942
   -0.03339661
    0.01165389
   -0.11206598
   -0.04231726
    0.27410667
   -0.01581404
   -0.03045551
    0.03735534
   -0.02937240
   -0.01604296
   -0.01691800
   -0.01961723
   -0.02723950
    0.49137922
   -0.21674578
   -0.19171480
   -0.19272122
   -0.11479699
    0.00943632
   -0.06311612
   -0.06743603
    0.00205764
   -0.03338048
   -0.02821915
   -0.02520984
   -0.05217246
    0.05504242
    0.05800080
    0.06609169
    0.05865459
    0.04293400
    0.05562636
    0.05056989
    0.05438907
    0.05152636
    0.04173434
    0.05065644
    0.05465961
    0.04903096
    0.05170387
    0.04854241
    0.03777852
    0.06741850
    0.07167757
    0.07668534
    0.06710477
    0.06926193
    0.07640823
    0.08327763
    0.05448173
    0.05540160
    0.04669323
    0.05835728
    0.06500192
    0.05943040
    0.05507287
    0.05882139
    0.05652733
    0.04259892
