           1           2  0.97512758085005846     
           2           3  0.94281050371926345     
           3           4   1.2876692482666352     
           4           5   1.5556765784140658     
           5           6   1.2730517220400392     
           6           7   1.2825244455674722     
           7           8   1.5528059375414702     
           8           9   1.3238596523741581     
           7          10  0.11682030588110909     
           9          10   1.5509873782036201     
           6          11   1.2518343324265093     
          10          11   1.2858864900591700     
           3          12   1.4503065256898633     
           5          12  0.10476397315518179     
          11          12   1.2340905931613020     
          12          13   1.0304481550727067     
          13          14   1.4477762040897115     
          14          15   1.2827747716262570     
          13          16  0.10527951601781677     
          15          16   1.5538369141228792     
          16          17   1.2731453854575503     
          17          18   1.2805659028092518     
          18          19   1.5544707253635015     
          19          20   1.3227090018923773     
          18          21  0.11732050552491785     
          20          21   1.5528189524636187     
          13          22   1.2355079571851169     
          17          22   1.2533125463885637     
          21          22   1.2837644099588186     
          14          23  0.99131266560387610     
          23          24  0.96851505537001503     
           2          25   1.2126389534284148     
          23          25   1.2241632746133864     
          25          26   1.0085502781547186     
          26          27   1.1517875432852158     
          27          28  0.98893850557426766     
          28          29   1.4054495448068069     
          29          30   1.4395691929703713     
          28          31  0.10250132288746541     
          30          31   1.4352710798062565     
          29          32  0.10522670657060157     
          31          32   1.4358672978553473     
          28          33   1.3802837127370291     
          30          33  0.10503872396536724     
          32          33   1.4149619711598980     
          33          34  0.94813959288203808     
          34          35  0.92536346986524676     
          34          36  0.96346490266708285     
          34          37  0.95867249720900916     
          25          38   1.2155435264841110     
          38          39  0.94938513437930427     
          39          40   1.0025465052713698     
          40          41   1.0074522585347336     
          41          42   1.0127038428136832     
          42          43   1.4104133706506992     
          43          44   1.4468485073107937     
          42          45  0.10562447990298765     
          44          45   1.4276347486138219     
          43          46  0.10570020848620912     
          45          46   1.4435471884548723     
          38          47   1.0053992425365683     
          42          47   1.3620054387508529     
          46          47   1.3771413833327377     
           1          48  0.96783479023054209     
           1          49  0.97572636059454532     
           1          50  0.97692878672171679     
           4          51  0.96303902861460855     
           5          52  0.96596623938153636     
           7          53  0.96674750614831306     
           8          54  0.96897323510097699     
           9          55  0.96927971608899610     
          10          56  0.96541603783760754     
          15          57  0.96219022371742480     
          16          58  0.96605922938725564     
          18          59  0.96688810225257538     
          19          60  0.96925012233207730     
          20          61  0.96957378328009347     
          21          62  0.96522438572546521     
          24          63  0.96965385954635730     
          24          64  0.95880359121189940     
          24          65  0.97662914164929271     
          29          66  0.95862512760703966     
          30          67  0.96596898798769337     
          31          68  0.96584815694127135     
          32          69  0.96201117703231764     
          39          70  0.96753414260186377     
          39          71  0.95985108138490571     
          40          72  0.97143334548074023     
          40          73  0.97165478207660760     
          41          74  0.96447269049118334     
          41          75  0.95754997077674631     
          43          76  0.96727813533056262     
          44          77  0.96823985985015659     
          45          78  0.96871762729615241     
          46          79  0.92601562298807338     
