   -0.11414875
    0.01670033
   -0.03669658
   -0.02620164
   -0.03205462
   -0.03993212
   -0.01658374
    0.04430782
   -0.11736870
   -0.13610237
    0.03750586
   -0.12253494
   -0.00506952
   -0.03611197
   -0.02728214
   -0.02666007
   -0.02670368
   -0.03652627
    0.28437149
   -0.07970852
   -0.06095962
    0.03905054
   -0.03385060
   -0.02430276
   -0.02451478
   -0.02430060
   -0.03285899
   -0.12785220
   -0.02908719
    0.05313907
   -0.04884644
   -0.03249152
    0.01316953
   -0.03042963
   -0.02212369
   -0.02264942
   -0.03301853
    0.01143164
   -0.00881769
   -0.00560525
    0.05265381
   -0.04186317
   -0.02909466
    0.01519405
   -0.02914771
   -0.02221117
   -0.02356633
   -0.03207410
    0.01296247
   -0.11774586
   -0.03548303
    0.05852608
    0.04458274
    0.05572309
    0.04865472
    0.04932336
    0.03931110
    0.02032709
    0.05372973
    0.05941027
    0.06228535
    0.04506753
    0.06658483
    0.05628699
    0.06210308
    0.06392544
    0.04544026
    0.04380874
    0.04881990
    0.04737588
    0.03330354
    0.04473089
    0.05239595
    0.05573934
    0.05506603
    0.05102984
    0.06234772
    0.05518217
    0.06208187
    0.03717907
    0.05270901
    0.04797037
    0.05069759
    0.04763658
    0.03820046
    0.04485175
    0.05619200
    0.04954983
    0.05086535
    0.04641885
    0.03702351
    0.06290613
    0.06644992
    0.06028003
