           1           2   1.0262183607859854     
           2           3   1.4007296557467752     
           3           4   1.4556807627939403     
           2           5  0.10511029400630779     
           4           5   1.4232038443553028     
           3           6  0.10906567123621558     
           5           6   1.4533754754465653     
           2           7   1.3933064672686435     
           4           7  0.10754545714274585     
           6           7   1.4014570422118755     
           7           8  0.98300438919231181     
           8           9   1.0065988267259909     
           8          10  0.91680186721368750     
          10          11  0.92453324718564989     
          11          12   1.0016879231857359     
          11          13  0.98895075579957081     
          13          14   1.4111481195770681     
          14          15   1.4378623381313231     
          13          16  0.10963470857913954     
          15          16   1.4402879047170898     
          14          17  0.10998317155890569     
          16          17   1.4350345144002703     
          13          18   1.4063104742222816     
          15          18  0.11108261511598183     
          17          18   1.4467797313286974     
          10          19   1.2887557802843030     
          19          20  0.94076819466748574     
          20          21   1.1714366065668045     
          21          22  0.98518140081264161     
          22          23   1.3985163337535629     
          23          24   1.4404810654518476     
          22          25  0.10220976894061604     
          24          25   1.4369473004107371     
          23          26  0.10851248719406167     
          25          26   1.4337459509239827     
          22          27   1.4039440580950930     
          24          27  0.10932389484376406     
          26          27   1.4428728998363387     
          19          28   1.2246873367406683     
          28          29  0.97399926615743848     
          28          30  0.97408123056922813     
          30          31   1.2857517700609031     
          31          32   1.5562195545851421     
          32          33   1.2739172934549761     
          33          34   1.2802423359876369     
          34          35   1.5546733146361222     
          35          36   1.3232930498893958     
          34          37  0.11753144541086587     
          36          37   1.5520198722542746     
          33          38   1.2546708851616963     
          37          38   1.2853760492974480     
          30          39   1.4588862345034210     
          32          39  0.10584813292599231     
          38          39   1.2311838466964649     
          39          40   1.0324026365608476     
          40          41   1.4577160724282221     
          41          42   1.2913256042034051     
          40          43  0.10632445425358597     
          42          43   1.5530908017605800     
          43          44   1.2726844862951485     
          44          45   1.2812175862688526     
          45          46   1.5543320741757780     
          46          47   1.3233059636240316     
          45          48  0.11719804490437449     
          47          48   1.5504557108229018     
          40          49   1.2334687276906924     
          44          49   1.2533653060650483     
          48          49   1.2837406781321652     
          19          50   1.2479542390875458     
          41          50  0.95426201813653733     
          50          51  0.96986737294187952     
           1          52  0.96629239146001067     
           1          53  0.96254355302495942     
           1          54  0.98112038301674565     
           3          55  0.96620143539438552     
           4          56  0.96937953125008380     
           5          57  0.97005324968761508     
           6          58  0.95678657698572489     
           8          59  0.93848217864253181     
           9          60  0.97770188994384755     
           9          61  0.97592511885946542     
           9          62  0.98085110577941959     
          11          63  0.94575125796633608     
          12          64  0.97989865656211073     
          12          65  0.95999065879564016     
          12          66  0.97867588524677851     
          14          67  0.95444739706018766     
          15          68  0.96984661669069627     
          16          69  0.96994040124965464     
          17          70  0.96975102926108570     
          18          71  0.96664635581907399     
          23          72  0.96472711711173709     
          24          73  0.96800577508060692     
          25          74  0.96904619488576671     
          26          75  0.96770231824562125     
          27          76  0.96548731133463828     
          29          77  0.96299946132572445     
          29          78  0.97208909897832596     
          29          79  0.97681280008656490     
          31          80  0.96174680852437167     
          32          81  0.96613640419783375     
          34          82  0.96697699394587644     
          35          83  0.96932651754557531     
          36          84  0.96967506582572505     
          37          85  0.96472494261326336     
          42          86  0.96393664922788980     
          43          87  0.96594408661995379     
          45          88  0.96688755509406987     
          46          89  0.96934360329404579     
          47          90  0.96977134513240748     
          48          91  0.96585337371038449     
          51          92  0.97553119421080980     
          51          93  0.96313027110616189     
          51          94  0.97518183145699477     
