    0.02804586
   -0.24652362
    0.15129666
   -0.06985731
    0.02101314
   -0.11128017
    0.00739888
   -0.06129212
   -0.04309477
    0.54445379
   -0.15402376
   -0.00446535
   -0.01401871
   -0.10683410
   -0.11691415
   -0.00256295
   -0.01706134
   -0.11458030
   -0.11445763
   -0.25996890
    0.10454939
    0.12744041
   -0.25446471
    0.02777260
   -0.07435683
    0.01466370
   -0.03043462
   -0.02014948
   -0.02340298
   -0.02939887
    0.00504232
   -0.00956965
   -0.01051647
    0.11143486
    0.12974376
   -0.26056481
    0.02880565
   -0.07748812
    0.01312376
   -0.03154302
   -0.02080959
   -0.02384056
   -0.02933858
    0.00468488
   -0.26043037
    0.01916113
   -0.11162930
   -0.07987616
    0.07594077
    0.05149660
    0.04868531
    0.06501648
    0.05903766
    0.06236362
    0.04740595
    0.05469778
    0.06572935
    0.04956305
    0.04093855
    0.05068002
    0.03372419
    0.05023251
    0.03941144
    0.05154083
    0.07373476
    0.03626997
    0.05173617
    0.04309008
    0.04890650
    0.05673560
    0.04159134
    0.05101416
    0.05522737
    0.07531530
    0.05821168
    0.05487647
    0.06512621
    0.05141870
    0.05481467
    0.05160115
    0.04371874
    0.05194879
    0.07569918
    0.05362644
    0.06389772
    0.04982306
    0.05395956
    0.05118179
    0.04307034
    0.06012364
    0.06729032
    0.06180743
    0.05383726
