           1           2  0.97509938657071860     
           2           3   1.1013574134028374     
           3           4   1.3369145666822762     
           4           5   1.4441543816908173     
           5           6   1.0288665968363819     
           5           7   1.3533530042127269     
           7           8  0.98213843303574022     
           8           9   1.2369017226453152     
           9          10  0.92612433088268054     
          10          11   1.2172464791002660     
          11          12  0.94729946054691128     
          12          13  0.98523135073131751     
          13          14   1.0099889478358530     
          13          15   1.0099882251745385     
          11          16  0.95813948615107303     
          16          17  0.98912325115941591     
          17          18   1.0086159711187450     
          17          19   1.0108113449955414     
          10          20   1.2755281708021313     
          20          21  0.89928790524173263     
          21          22   1.2243039388276942     
          22          23   1.0720855569353072     
          23          24  0.96977415648189957     
          22          25   1.4661382831902874     
          25          26   1.2759095921419288     
          26          27   1.2818375924586873     
          27          28   1.5520964829125161     
          28          29   1.3250174031120541     
          27          30  0.11643422156132958     
          29          30   1.5476853558787833     
          26          31   1.2513448042105928     
          30          31   1.2896637087494631     
          21          32   1.4774964053921564     
          31          32   1.2219558468358915     
          32          33   1.0349937342990725     
          33          34   1.4810112134364992     
          34          35   1.2172550141520440     
          35          36   1.0728631086429563     
          36          37  0.97203187030169891     
          35          38   1.4687882320164838     
          38          39   1.2742049434824481     
          39          40   1.2822150210023127     
          40          41   1.5513227624740054     
          41          42   1.3260445248247705     
          40          43  0.11650407304591812     
          42          43   1.5466560228062614     
          33          44   1.2181686827062794     
          39          44   1.2536198037402977     
          43          44   1.2904073721241571     
          10          45   1.2569397989451321     
          34          45  0.90373096070156278     
           7          46   1.3605248307246509     
          46          47   1.0331772698366970     
           3          48   1.3496460897919988     
          46          48   1.4268945591401792     
           1          49  0.97821365801308291     
           1          50  0.97604788298653777     
           1          51  0.97609303356661337     
           4          52  0.96348590514343335     
           6          53  0.97387442814865044     
           6          54  0.96105892770613288     
           6          55  0.97870194080075235     
          12          56  0.96834110788257532     
          12          57  0.95956993749390707     
          13          58  0.96202000507829399     
          14          59  0.97683639829885949     
          14          60  0.98461642935636795     
          14          61  0.98186409322504931     
          15          62  0.97789695042680036     
          15          63  0.98553636045070547     
          15          64  0.98451701926436375     
          16          65  0.96552655814012756     
          16          66  0.96124066176829470     
          17          67  0.96166135481260295     
          18          68  0.97973827283180792     
          18          69  0.98375749456706796     
          18          70  0.97570265675934476     
          19          71  0.97566540199833973     
          19          72  0.95882072148043940     
          19          73  0.98139747408461031     
          24          74  0.97841560947385453     
          24          75  0.97636393002593136     
          24          76  0.97586574274568116     
          25          77  0.96040798125858284     
          27          78  0.96663404118519369     
          28          79  0.96895170596882707     
          29          80  0.96932734069282445     
          30          81  0.96494272635102429     
          37          82  0.97625585820872063     
          37          83  0.97712687365107309     
          37          84  0.97647415804156457     
          38          85  0.95978861446466057     
          40          86  0.96681416104542817     
          41          87  0.96905321912114528     
          42          88  0.96935466539422666     
          43          89  0.96484549362577721     
          47          90  0.93963604727502603     
          47          91  0.96622588147448984     
          47          92  0.98103007700140021     
          48          93  0.96093922320906189     
