   -0.04065199
   -0.11671154
    0.05642270
   -0.04936691
   -0.03325252
    0.01148985
   -0.03119745
   -0.02366567
   -0.02425587
   -0.03378740
    0.01147392
   -0.01087089
   -0.01195687
    0.05267440
   -0.05088527
   -0.03109197
    0.01162635
   -0.02975220
   -0.02265435
   -0.02281141
   -0.03102619
    0.01143941
   -0.13685935
   -0.02841780
    0.30973270
   -0.05487539
   -0.05755928
    0.03680512
   -0.03105660
   -0.02378125
   -0.02203329
   -0.02278145
   -0.03128609
   -0.15763920
    0.04861957
   -0.07580120
    0.00605819
   -0.03750982
   -0.02922740
   -0.03125697
   -0.02890827
   -0.03991714
   -0.06558183
    0.00482497
   -0.03859353
   -0.02666715
   -0.02892653
   -0.02762522
   -0.04278026
    0.04252133
   -0.07011021
    0.00810267
   -0.03472282
   -0.02556558
   -0.02772444
   -0.02799024
   -0.03921697
   -0.07141236
    0.00928696
   -0.03638318
   -0.02683237
   -0.02767517
   -0.02630343
   -0.03586781
    0.07651304
    0.07479727
    0.05533692
    0.04831860
    0.05229519
    0.04716164
    0.04880174
    0.04472361
    0.03477666
    0.03936430
    0.05023574
    0.04628451
    0.04948154
    0.04683615
    0.03761658
    0.06185815
    0.06867228
    0.04701011
    0.05266538
    0.05733894
    0.05697328
    0.05142979
    0.04770076
    0.05300758
    0.07066695
    0.04930291
    0.02067328
    0.03541064
    0.04272828
    0.04459140
    0.03238173
    0.03826683
    0.05178663
    0.03090829
    0.04374146
    0.04312391
    0.03788129
    0.02738441
    0.06693723
    0.05586277
    0.03786489
    0.03337555
    0.04247762
    0.04437155
    0.04083674
    0.02259481
    0.04533100
    0.04462390
    0.02258595
    0.04006944
    0.04331049
    0.04226756
    0.03119271
