           1           2  0.96731722490016081     
           2           3  0.98819524688716687     
           3           4   1.2786189548601272     
           4           5   1.5621063368632115     
           5           6   1.2685483083832618     
           6           7   1.2818168224579976     
           7           8   1.5523933813767470     
           8           9   1.3252141496621010     
           7          10  0.11723781939010408     
           9          10   1.5500403586806175     
           6          11   1.2546789137777079     
          10          11   1.2868760853154486     
           3          12   1.4569717301106067     
           5          12  0.10416740234821419     
          11          12   1.2252247632087172     
          12          13   1.0323973404513580     
          13          14   1.4463081068391399     
          14          15   1.2866466954805975     
          13          16  0.10681166920643061     
          15          16   1.5526307883310524     
          16          17   1.2727488907403584     
          17          18   1.2793924225523410     
          18          19   1.5554309472337762     
          19          20   1.3220628740317402     
          18          21  0.11718198242723377     
          20          21   1.5528268216416812     
          13          22   1.2309272837092262     
          17          22   1.2551411652299518     
          21          22   1.2837594712131908     
          14          23  0.96897188483497254     
          23          24  0.97397980216309232     
           2          25   1.2192691812915515     
          23          25   1.1845331641540657     
          25          26   1.0078251413569042     
          26          27   1.1435073550432595     
          27          28  0.97615030200570141     
          28          29   1.4045835906575286     
          29          30   1.4434619571284020     
          28          31  0.10266124358918075     
          30          31   1.4324944932860402     
          29          32  0.11000935263422085     
          31          32   1.4397781437570092     
          28          33   1.4083301086506856     
          30          33  0.10867082938072134     
          32          33   1.4373050209354998     
          25          34   1.2393209492959234     
          34          35  0.93057931669543315     
          35          36  0.98324060833423821     
          36          37   1.0092264043587438     
          37          38   1.4105107466695879     
          38          39   1.4446410757170445     
          37          40  0.10956766421438044     
          39          40   1.4365988501777363     
          38          41  0.11152190068483148     
          40          41   1.4383468789314324     
          37          42   1.4106107452380490     
          39          42  0.11036891423987798     
          41          42   1.4433329474521019     
          35          43  0.99029987106662387     
          43          44   1.0003829365353512     
          44          45   1.4028645307763019     
          45          46   1.4556661494419711     
          44          47  0.10986752523012319     
          46          47   1.4285368950494910     
          45          48  0.11285830526130054     
          47          48   1.4492705943191211     
          44          49   1.4247305028252364     
          46          49  0.10931563643825951     
          48          49   1.4298130101202688     
          34          50  0.94071013880145304     
          50          51  0.98073028246790406     
          51          52   1.0009517243049586     
          52          53   1.4164065187709129     
          53          54   1.4419311658184122     
          52          55  0.11005849227031035     
          54          55   1.4404631966390156     
          53          56  0.11030744088754361     
          55          56   1.4364207093695485     
          52          57   1.4100995329622363     
          54          57  0.11103197796998297     
          56          57   1.4466265345994849     
          50          58  0.98177649404724265     
          58          59   1.0022562700521096     
          59          60   1.4096728865374610     
          60          61   1.4489564340204075     
          59          62  0.10998683367006402     
          61          62   1.4347777727407753     
          60          63  0.11151845419485222     
          62          63   1.4422509379724968     
          59          64   1.4173846883783716     
          61          64  0.10997833927795370     
          63          64   1.4398651085688841     
           1          65  0.97350750182462131     
           1          66  0.95557285674105330     
           1          67  0.97119210251725852     
           4          68  0.96260830952365439     
           5          69  0.96628695578728041     
           7          70  0.96704248668385884     
           8          71  0.96951961473816373     
           9          72  0.96993052612581998     
          10          73  0.96498073136453599     
          15          74  0.96264617008678555     
          16          75  0.96614143263142549     
          18          76  0.96674650283415220     
          19          77  0.96947059848553041     
          20          78  0.96974177843094689     
          21          79  0.96540035362112597     
          24          80  0.96461348932071489     
          24          81  0.97753339094374136     
          24          82  0.97324559405136224     
          29          83  0.96679326669216081     
          30          84  0.96746334321062488     
          31          85  0.96889273047883917     
          32          86  0.96814715737720936     
          33          87  0.96332963975795038     
          35          88  0.92956815688533356     
          36          89  0.94810660893006138     
          36          90  0.96581885221422503     
          38          91  0.95998214122389158     
          39          92  0.97038159816609382     
          40          93  0.97054644748089192     
          41          94  0.97011754868959921     
          42          95  0.96776904344273773     
          43          96  0.95960548140911439     
          43          97  0.95463119553120990     
          45          98  0.96979022132608883     
          46          99  0.97011495617244614     
          47         100  0.97046242978553510     
          48         101  0.97026796673411053     
          49         102  0.96126874179213839     
          50         103  0.94700991351058561     
          51         104  0.94920255172917500     
          51         105  0.95553285854104897     
          53         106  0.96751203488836590     
          54         107  0.97019279613459497     
          55         108  0.97046292495537978     
          56         109  0.97038132775489905     
          57         110  0.96563189130274141     
          58         111  0.96130561431799766     
          58         112  0.95920964976587986     
          60         113  0.96848906212205588     
          61         114  0.97053193734926257     
          62         115  0.97058095240496123     
          63         116  0.97031882484771703     
          64         117  0.96840768244546704     
