   -0.10531173
   -0.01438254
   -0.10537007
    0.01670181
   -0.04726916
    0.00420661
   -0.01203223
   -0.10068907
   -0.10442561
    0.00989090
   -0.06756370
   -0.07347699
    0.29570030
   -0.15173157
    0.05140694
   -0.11800173
   -0.12320564
    0.08827408
   -0.12630371
   -0.12515042
   -0.12540155
   -0.13371233
   -0.04017816
    0.05512801
   -0.04725647
   -0.03140373
    0.01476938
   -0.03026945
   -0.02452394
   -0.02479139
   -0.03238756
    0.01431082
   -0.00855281
   -0.01118302
    0.05408435
   -0.05382951
   -0.03562502
    0.01056098
   -0.03147618
   -0.02294973
   -0.02304666
   -0.03212635
    0.01081937
   -0.13448872
   -0.02430715
    0.00816301
   -0.01183047
   -0.10517394
   -0.10507610
   -0.04692511
    0.04760143
    0.03818538
    0.04041777
    0.03901166
    0.04800715
    0.03949050
    0.03223817
    0.05475809
    0.03400342
    0.04560758
    0.04428037
    0.03464304
    0.04014153
    0.02941626
    0.04647659
    0.05601255
    0.05429011
    0.04410912
    0.06533980
    0.05480911
    0.06509996
    0.05043404
    0.06655658
    0.05423997
    0.05217704
    0.05669422
    0.06287947
    0.05914246
    0.05413361
    0.04533621
    0.06555015
    0.05319181
    0.07156794
    0.07498926
    0.04362012
    0.05214612
    0.04677248
    0.04764854
    0.04360668
    0.03610239
    0.04132802
    0.04958901
    0.04590024
    0.04921513
    0.04672802
    0.03810368
    0.07111523
    0.06057591
    0.04354367
    0.03931691
    0.04545346
    0.04740123
    0.03926642
    0.04662299
    0.02672747
    0.04660797
    0.04918892
