           1           2  0.99368817429357625     
           2           3  0.99538822046785991     
           2           4   1.0011981418603826     
           4           5   1.3940335775040520     
           5           6   1.4297977300881686     
           6           7   1.0021372066862708     
           7           8  0.98687400421323668     
           7           9   1.0070026311746472     
           6          10   1.3521761670404637     
          10          11  0.98126719741756263     
          11          12   1.1295570421179435     
          12          13   1.0098472844043171     
          13          14   1.2430064033382544     
          14          15  0.93188245381304446     
          15          16   1.0016687194851683     
          15          17  0.99839445985779018     
          14          18  0.92097764585205932     
          18          19  0.99686968956949873     
          18          20  0.99539889444622087     
          18          21  0.99538037653130929     
          13          22   1.1934027998883694     
          22          23  0.97023998376675735     
          22          24  0.97511697386826834     
          24          25   1.2853148716223264     
          25          26   1.5565816237135373     
          26          27   1.2735251333178981     
          27          28   1.2792785204297681     
          28          29   1.5534963368256671     
          29          30   1.3228179369004440     
          28          31  0.11773985130388799     
          30          31   1.5506006720771597     
          27          32   1.2548698018922035     
          31          32   1.2832306999708962     
          24          33   1.4551768451629417     
          26          33  0.10539094629803596     
          32          33   1.2300784366304947     
          33          34   1.0328961581263756     
          34          35   1.4439789951440687     
          35          36   1.2813248985432013     
          34          37  0.10566416669926680     
          36          37   1.5554344452898914     
          37          38   1.2739355575155085     
          38          39   1.2799840308508983     
          39          40   1.5552224350343435     
          40          41   1.3220766319153980     
          39          42  0.11743577276152642     
          41          42   1.5534730184559411     
          34          43   1.2349161051463740     
          38          43   1.2538972859885966     
          42          43   1.2829355125094861     
          13          44   1.1769116296386621     
          35          44  0.97721649229083118     
          44          45  0.97296439135301660     
          10          46   1.3786122802151890     
          46          47   1.0009638478046241     
          47          48  0.99207682098800554     
          47          49  0.99620196273140527     
           4          50   1.4152463172242504     
          46          50   1.4075276713404388     
           1          51  0.98408344339366782     
           1          52  0.98707525251654660     
           1          53  0.98490600223746683     
           2          54  0.96717869332332729     
           3          55  0.98432519078895453     
           3          56  0.98489627238040622     
           3          57  0.98761102548707180     
           5          58  0.95755882308175144     
           7          59  0.95181681224705905     
           8          60  0.98605126096509765     
           8          61  0.98069109120649622     
           8          62  0.97962496820826916     
           9          63  0.98172207161574498     
           9          64  0.98361603804616560     
           9          65  0.98281546356295191     
          15          66  0.92348419408017168     
          16          67  0.98096155605279534     
          16          68  0.98116146671790916     
          16          69  0.97905016793177801     
          17          70  0.97480726308519472     
          17          71  0.97902490436253498     
          17          72  0.98291204325290571     
          19          73  0.97905545176326181     
          19          74  0.95688015246597624     
          19          75  0.98092509811128981     
          20          76  0.97418577269270934     
          20          77  0.97789453249721914     
          20          78  0.97948971537235385     
          21          79  0.95870192466598736     
          21          80  0.97999293748912464     
          21          81  0.97909696394749923     
          23          82  0.97094626419041652     
          23          83  0.97780556416117859     
          23          84  0.96250148617575171     
          25          85  0.96264953040636903     
          26          86  0.96638718009242486     
          28          87  0.96709872227868088     
          29          88  0.96962351500066934     
          30          89  0.97004052113746442     
          31          90  0.96359834873701034     
          36          91  0.96347581598860632     
          37          92  0.96649947946065617     
          39          93  0.96723486249677504     
          40          94  0.96952049382175998     
          41          95  0.96972807943885053     
          42          96  0.96563935369826814     
          45          97  0.97429790200666644     
          45          98  0.96427484681547226     
          45          99  0.97257839854586281     
          47         100  0.95296686135318287     
          48         101  0.98332228100343211     
          48         102  0.98365458388448779     
          48         103  0.98692433512243471     
          49         104  0.98476837714895638     
          49         105  0.98480798668043512     
          49         106  0.98315542682572166     
          50         107  0.95936242754537160     
