   -0.12299873
    0.04423063
   -0.12832589
   -0.13822476
    0.04185902
   -0.11427307
   -0.00898265
   -0.03700927
   -0.02639458
   -0.02422018
   -0.02596069
   -0.03382798
    0.28645702
   -0.06760385
   -0.05669586
    0.03826495
   -0.03296556
   -0.02421048
   -0.02393663
   -0.02408331
   -0.03226470
   -0.12647665
   -0.03071603
    0.05266447
   -0.05197395
   -0.03312517
    0.01261456
   -0.03049421
   -0.02219906
   -0.02249336
   -0.03263435
    0.01199587
   -0.00892987
   -0.00632952
    0.05217957
   -0.04395429
   -0.02989441
    0.01448075
   -0.02935255
   -0.02232350
   -0.02347050
   -0.03266146
    0.01277769
   -0.11835427
   -0.03860889
    0.05452273
    0.07149356
    0.05193574
    0.06590707
    0.06114964
    0.05584140
    0.06533410
    0.05383871
    0.04593409
    0.05836304
    0.06199426
    0.02565764
    0.04492883
    0.05181419
    0.05078875
    0.03946182
    0.04593078
    0.05279964
    0.05658949
    0.05618661
    0.05126441
    0.06385438
    0.06586885
    0.05390352
    0.03868869
    0.05229056
    0.04773298
    0.05059885
    0.04768635
    0.03828748
    0.04208794
    0.05578409
    0.04935329
    0.05075996
    0.04642194
    0.03700505
    0.05913224
    0.06701379
    0.07023924
