           1           2   1.0077508577981684     
           2           3   1.0041040691416205     
           2           4  0.93912036931353882     
           4           5  0.91863938073433471     
           5           6   1.0033266284869664     
           5           7  0.98666608393094224     
           7           8   1.4047451054080704     
           8           9   1.4470860673949784     
           7          10  0.10986004215443401     
           9          10   1.4354999462007436     
           8          11  0.11131761639227011     
          10          11   1.4417583248749446     
           7          12   1.4166040776274005     
           9          12  0.11000295439246746     
          11          12   1.4399102498140604     
           4          13   1.2763295611965093     
          13          14  0.95333440874925302     
          14          15   1.1700740148451350     
          15          16  0.98252758305475085     
          16          17   1.4009953216082882     
          17          18   1.4395133620486098     
          16          19  0.10232225484191199     
          18          19   1.4377528321018640     
          17          20  0.10853414235867065     
          19          20   1.4332140962676347     
          16          21   1.4042352940732308     
          18          21  0.10950693859305285     
          20          21   1.4431843927645596     
          13          22   1.2175438538534584     
          22          23  0.97349772358072628     
          22          24  0.97595784006763431     
          24          25   1.2835260999177993     
          25          26   1.5555986088058402     
          26          27   1.2742122060812013     
          27          28   1.2801319515845557     
          28          29   1.5548019862613847     
          29          30   1.3230724357369350     
          28          31  0.11753195610217644     
          30          31   1.5522954466085759     
          27          32   1.2543121442002754     
          31          32   1.2849667832104035     
          24          33   1.4573677115693198     
          26          33  0.10569995381075326     
          32          33   1.2323375798648355     
          33          34   1.0310423769511929     
          34          35   1.4560272184462790     
          35          36   1.2889095332927609     
          34          37  0.10548350681908898     
          36          37   1.5546957707087481     
          37          38   1.2728227102809004     
          38          39   1.2808480245394400     
          39          40   1.5545471251288889     
          40          41   1.3230270199356526     
          39          42  0.11722946277297966     
          41          42   1.5509994307352650     
          34          43   1.2340939121698826     
          38          43   1.2535464106909493     
          42          43   1.2826983768322373     
          13          44   1.2274623094357153     
          35          44  0.96067830337755622     
          44          45  0.97274198278789825     
           1          46  0.95910080748229043     
           1          47  0.97796489538175213     
           1          48  0.98100755759686731     
           2          49  0.95123792596963053     
           3          50  0.96666594482432799     
           3          51  0.98122440376695130     
           3          52  0.97957989863857364     
           5          53  0.93704883623396529     
           6          54  0.98046859997864166     
           6          55  0.97798675617088993     
           6          56  0.97890416463654795     
           8          57  0.96458717545913719     
           9          58  0.96987639517852442     
          10          59  0.96966139187380973     
          11          60  0.96956409061411630     
          12          61  0.96235992571437901     
          17          62  0.96416363953006967     
          18          63  0.96796716306919628     
          19          64  0.96894383993881283     
          20          65  0.96757022873657950     
          21          66  0.96581089848050450     
          23          67  0.96124265512147034     
          23          68  0.97737232374028959     
          23          69  0.97155241418482241     
          25          70  0.96192451230011111     
          26          71  0.96619687612937488     
          28          72  0.96702615878716380     
          29          73  0.96935194481477216     
          30          74  0.96967674142702276     
          31          75  0.96496883693636670     
          36          76  0.96353531504361101     
          37          77  0.96603361541297628     
          39          78  0.96691544568842736     
          40          79  0.96935409158684405     
          41          80  0.96977412148404163     
          42          81  0.96569491679737385     
          45          82  0.97521642008897502     
          45          83  0.96451874276603111     
          45          84  0.97565082263013969     
