   -0.11024922
   -0.06333652
    0.04677151
   -0.11363500
   -0.15359905
    0.03795253
   -0.12244866
   -0.06649405
   -0.10973925
    0.30112411
   -0.06342843
   -0.07055837
    0.01499560
    0.01076072
   -0.01265082
   -0.10594747
   -0.10597677
   -0.03553657
   -0.02747028
   -0.04036624
    0.00737517
   -0.01209544
   -0.10188249
   -0.10617196
   -0.12751980
   -0.03811153
    0.05448899
   -0.04638944
   -0.03104151
    0.01503760
   -0.03078396
   -0.02412629
   -0.02445472
   -0.03258757
    0.01404938
   -0.00790043
   -0.00972613
    0.05297972
   -0.05269905
   -0.03511059
    0.01094295
   -0.03144259
   -0.02268463
   -0.02295021
   -0.03203613
    0.01090982
   -0.13294604
   -0.02367516
    0.05613191
    0.04919034
    0.03900114
    0.04834559
    0.04023030
    0.05026752
    0.06072474
    0.04013890
    0.05524608
    0.06715705
    0.05233143
    0.04950316
    0.06813008
    0.05389256
    0.03543684
    0.04835468
    0.04375329
    0.05306244
    0.04078788
    0.04852008
    0.04026500
    0.04625857
    0.04726165
    0.02820590
    0.04724961
    0.05358685
    0.05131345
    0.05454818
    0.03374880
    0.04542500
    0.04675084
    0.03612278
    0.03046063
    0.04080293
    0.04811226
    0.05487497
    0.07343149
    0.06911130
    0.04407239
    0.05311304
    0.04720062
    0.04857980
    0.04485209
    0.03685512
    0.04175972
    0.05071398
    0.04663774
    0.04995083
    0.04739021
    0.03861010
    0.04155143
    0.06033300
    0.07102797
