           1           2   1.0155006714810908     
           2           3  0.98865508791915735     
           3           4   1.0045187946769998     
           3           5  0.93449993194983749     
           5           6  0.94203056090279946     
           6           7   1.0080021899988245     
           6           8  0.98859181151099518     
           8           9   1.0168337905053968     
           5          10   1.2456383177358059     
          10          11   1.0336614390904442     
          11          12   1.1202883953747418     
          12          13  0.97738671474188332     
          13          14   1.3814992625524005     
          14          15   1.0017932646774721     
          15          16  0.99199762754211951     
          15          17  0.99540947144978498     
          14          18   1.4022398887346337     
          18          19   1.4447422053057730     
          14          20  0.10339124274730674     
          19          20   1.4313214917193053     
          13          21   1.3625090846977306     
          18          21  0.10312967511974783     
          20          21   1.4151085223508775     
          21          22   1.0031063192794767     
          22          23  0.98625371203968681     
          22          24   1.0068501505673224     
          10          25   1.2103614121109596     
          25          26  0.97128002715398276     
          25          27  0.97398165051738461     
          27          28   1.2855412242457622     
          28          29   1.5579478882314639     
          29          30   1.2723682762598094     
          30          31   1.2789828380864325     
          31          32   1.5527313822264139     
          32          33   1.3240368445218198     
          31          34  0.11727335845109255     
          33          34   1.5491719714130689     
          30          35   1.2552757891836481     
          34          35   1.2839003873781611     
          27          36   1.4571099484555621     
          29          36  0.10494509003481828     
          35          36   1.2289758688120562     
          36          37   1.0339881346961903     
          37          38   1.4484043365147385     
          38          39   1.2832627532593512     
          37          40  0.10543787803015919     
          39          40   1.5561538146354001     
          40          41   1.2731666565729618     
          41          42   1.2805641769469003     
          42          43   1.5546322893362905     
          43          44   1.3227013595042367     
          42          45  0.11739342755090859     
          44          45   1.5527620175500878     
          37          46   1.2337638280588608     
          41          46   1.2543194351641618     
          45          46   1.2837823693163748     
          10          47   1.1873391899224286     
          38          47  0.97189101621878982     
          47          48  0.97460146015648030     
           1          49  0.98440205590511365     
           1          50  0.98527086014414733     
           1          51  0.98673620220721148     
           2          52  0.97219754329670238     
           2          53  0.96763028843618082     
           3          54  0.93423838370012424     
           4          55  0.97899286138146668     
           4          56  0.97759348826324788     
           4          57  0.98070247139310163     
           6          58  0.95245919248491584     
           7          59  0.97057262830768887     
           7          60  0.98226373655581900     
           7          61  0.97666813789014406     
           8          62  0.96121732294781004     
           8          63  0.96811039924847053     
           9          64  0.98463578377256256     
           9          65  0.98567568091745894     
           9          66  0.98464261148769505     
          15          67  0.95277743574981621     
          16          68  0.98353424424765534     
          16          69  0.98681922644881548     
          16          70  0.98318151259825981     
          17          71  0.98327102830470525     
          17          72  0.98492868076467155     
          17          73  0.98466530339775948     
          18          74  0.96217430093869949     
          19          75  0.96857372464952718     
          20          76  0.96255344290455747     
          22          77  0.95186607770397802     
          23          78  0.97983229372353087     
          23          79  0.98596087361945228     
          23          80  0.97976244997272088     
          24          81  0.98384794459803537     
          24          82  0.98067850222992647     
          24          83  0.98277228010155904     
          26          84  0.97261897042709133     
          26          85  0.97763380069243688     
          26          86  0.95952622731422488     
          28          87  0.96302124213110729     
          29          88  0.96627134916225121     
          31          89  0.96704344206401693     
          32          90  0.96952958907632558     
          33          91  0.96993169318530437     
          34          92  0.96436789751256180     
          39          93  0.96277679770448943     
          40          94  0.96639052306835249     
          42          95  0.96717799807159743     
          43          96  0.96944543678990514     
          44          97  0.96966380581430012     
          45          98  0.96556435381003680     
          48          99  0.97224041436513753     
          48         100  0.96525106918760140     
          48         101  0.97475253503461667     
