   -0.04183256
   -0.11646150
    0.05456845
   -0.05072157
   -0.03389486
    0.01086069
   -0.03160129
   -0.02327885
   -0.02327708
   -0.03365415
    0.01129814
   -0.01286863
   -0.00714511
    0.05170990
   -0.04632861
   -0.03400326
    0.01307530
   -0.03049066
   -0.02086026
   -0.02156667
   -0.03181439
    0.01106811
   -0.12813888
   -0.03341884
    0.27715696
   -0.04031866
   -0.02443218
    0.01428217
   -0.03400241
   -0.02931575
   -0.02153454
   -0.04502682
    0.16889342
   -0.20358529
   -0.13140118
   -0.04774382
    0.08457122
   -0.12535741
   -0.12467514
   -0.12519809
    0.06439829
    0.07532311
    0.07228402
    0.04973938
    0.05324401
    0.04813266
    0.05048365
    0.04720630
    0.03636763
    0.03820140
    0.05373490
    0.04967992
    0.05348140
    0.05063373
    0.04094163
    0.06216328
    0.06041893
    0.05782254
    0.06013282
    0.06276480
    0.07045419
    0.08167219
    0.06941061
    0.06134731
    0.07022778
    0.05048248
    0.06778179
    0.05044527
    0.05829772
    0.06740478
    0.05157802
    0.07352552
    0.06190571
    0.05477632
