           1           2  0.96978707078505577     
           2           3  0.99540345904302008     
           3           4   1.2826046823672339     
           4           5   1.5552658982091199     
           5           6   1.2717344898200800     
           6           7   1.2807355514069672     
           7           8   1.5542213061436070     
           8           9   1.3229776932390520     
           7          10  0.11736889491461740     
           9          10   1.5526792333899806     
           6          11   1.2533067842075680     
          10          11   1.2838212151377180     
           3          12   1.4473409949618610     
           5          12  0.10546763570651624     
          11          12   1.2354766677054010     
          12          13   1.0288800924727874     
          13          14   1.4523857926638697     
          14          15   1.2878010219287399     
          13          16  0.10497820050189965     
          15          16   1.5565550677176412     
          16          17   1.2728921726326567     
          17          18   1.2825693610033433     
          18          19   1.5527942956384548     
          19          20   1.3239099511884835     
          18          21  0.11691160606948049     
          20          21   1.5510770642577640     
          13          22   1.2341772710138159     
          17          22   1.2520481094600588     
          21          22   1.2859068224369765     
          14          23  0.94869727084858391     
          23          24  0.97646674302946934     
           2          25   1.2082459213882610     
          23          25   1.2152872250791773     
          25          26  0.97629035369204642     
          26          27   1.1576160492598830     
          27          28  0.99164697201082208     
          28          29   1.4013442069178037     
          29          30   1.4429048401599007     
          28          31  0.10116368319978614     
          30          31   1.4323844691211047     
          29          32  0.10744674036419166     
          31          32   1.4372550711525736     
          28          33   1.3575434215973259     
          32          33   1.3973796343357283     
          33          34  0.97457093301824738     
          25          35   1.2523035840236538     
          35          36  0.97054941412218354     
          35          37  0.92206474089399448     
          37          38  0.99546880624752465     
          37          39  0.99424267261687038     
          37          40  0.99805901311325862     
           1          41  0.97039314222077766     
           1          42  0.97692821392328377     
           1          43  0.96238983177805404     
           4          44  0.96244853516660211     
           5          45  0.96623638970803594     
           7          46  0.96699277247995052     
           8          47  0.96938218653168251     
           9          48  0.96970229046048395     
          10          49  0.96544137760096094     
          15          50  0.96140908632573396     
          16          51  0.96619194313493106     
          18          52  0.96683701454534887     
          19          53  0.96907589411667627     
          20          54  0.96937505433570847     
          21          55  0.96536417435683886     
          24          56  0.97552279113346718     
          24          57  0.96832020605626967     
          24          58  0.97710736148035315     
          29          59  0.96155680810112010     
          30          60  0.96693679964907198     
          31          61  0.96718910624703103     
          32          62  0.96202589451797649     
          36          63  0.96383312217295336     
          36          64  0.97605558400901926     
          36          65  0.97292479938569443     
          38          66  0.98179831749590041     
          38          67  0.97943175486584144     
          38          68  0.97303353933665693     
          39          69  0.98196136890371588     
          39          70  0.97843471912282554     
          39          71  0.98255528650029544     
          40          72  0.97566235782138411     
          40          73  0.94300560831666014     
          40          74  0.97373038156416769     
