   -0.04642775
   -0.11410480
    0.05291271
   -0.05042476
   -0.03435082
    0.01105110
   -0.03187099
   -0.02307141
   -0.02324823
   -0.03354159
    0.01106665
   -0.01060180
   -0.00791404
    0.04954157
   -0.04964437
   -0.03383847
    0.01327280
   -0.03019389
   -0.02071625
   -0.02143797
   -0.03130312
    0.01116277
   -0.13123207
   -0.03429839
    0.29382926
   -0.02278581
   -0.03368586
    0.03756317
   -0.02954206
   -0.01602886
   -0.01695475
   -0.01962439
   -0.02763966
    0.49136707
   -0.21742321
   -0.19128921
   -0.19271824
   -0.13675191
    0.00669815
    0.00040833
   -0.03636541
   -0.02327883
   -0.02449138
   -0.02552335
   -0.03775062
   -0.00475104
   -0.00249310
   -0.03785128
   -0.02765751
   -0.02633357
   -0.02574164
   -0.03431752
    0.07809228
    0.07945725
    0.06190395
    0.05096654
    0.05444726
    0.04887009
    0.05138645
    0.04811973
    0.03760099
    0.04128841
    0.05372184
    0.04983022
    0.05395233
    0.05116466
    0.04124092
    0.06713842
    0.06099772
    0.05592030
    0.06605488
    0.06902629
    0.07637854
    0.08331869
    0.04789133
    0.05679653
    0.03283846
    0.05013537
    0.05203566
    0.04851356
    0.03085406
    0.06598159
    0.07597633
    0.03892067
    0.04457469
    0.04856721
    0.04730474
    0.03907837
