           1           2  0.96714390505916148     
           2           3  0.98889498464322878     
           3           4   1.2826740713220854     
           4           5   1.5556536822878249     
           5           6   1.2709653388986224     
           6           7   1.2812968419188733     
           7           8   1.5537137413915401     
           8           9   1.3235264853383624     
           7          10  0.11728686708773324     
           9          10   1.5519528692195435     
           6          11   1.2540557802429229     
          10          11   1.2848106910875348     
           3          12   1.4509954821028426     
           5          12  0.10493676800947463     
          11          12   1.2333117721091322     
          12          13   1.0318654059625569     
          13          14   1.4557360162387034     
          14          15   1.2869465751973992     
          13          16  0.10411537398895009     
          15          16   1.5559391473688748     
          16          17   1.2722156906908171     
          17          18   1.2829027116461384     
          18          19   1.5523709196861593     
          19          20   1.3244777585598322     
          18          21  0.11679974901632004     
          20          21   1.5502059992991117     
          13          22   1.2319635767319490     
          17          22   1.2524788017545796     
          21          22   1.2868493679707682     
          14          23  0.94851571272981650     
          23          24  0.97322701835101122     
           2          25   1.2298104684588955     
          23          25   1.2138604597797342     
          25          26   1.0207389227145518     
          26          27   1.1436131099553768     
          27          28  0.99219880378343361     
          28          29   1.4037846915542804     
          29          30   1.4399278739433945     
          28          31  0.10224623048454458     
          30          31   1.4349178726503526     
          29          32  0.10506308245656105     
          31          32   1.4357650589627333     
          28          33   1.3791371627647031     
          30          33  0.10478903368611762     
          32          33   1.4150760813131671     
          33          34  0.94846011655259033     
          34          35  0.92421181695849952     
          34          36  0.96422090247276404     
          34          37  0.95848617859345508     
          25          38   1.2330833787141791     
          38          39  0.95113738129278369     
          39          40  0.99587843431769796     
          40          41   1.4086058061060314     
          41          42   1.4468426168512727     
          40          43  0.10972965537485908     
          42          43   1.4365091932208702     
          41          44  0.11149137999472467     
          43          44   1.4412226346725123     
          40          45   1.4144166121182060     
          42          45  0.11034769970029508     
          44          45   1.4402216526849898     
          38          46  0.94533053018947055     
          46          47   1.0008911968709133     
          47          48   1.4110804588887198     
          48          49   1.4410201272136298     
          47          50  0.10929154087311191     
          49          50   1.4380976488148891     
          48          51  0.11123900839405654     
          50          51   1.4377615138950237     
          47          52   1.4097227504166057     
          49          52  0.11128569043295085     
          51          52   1.4429943530979670     
           1          53  0.97661842204465477     
           1          54  0.95992382303703550     
           1          55  0.97271000450206091     
           4          56  0.96308542531886521     
           5          57  0.96606441868859427     
           7          58  0.96690336641479946     
           8          59  0.96927954079076439     
           9          60  0.96961170528530738     
          10          61  0.96521408927539976     
          15          62  0.96156555981209912     
          16          63  0.96613561711730589     
          18          64  0.96682473893846943     
          19          65  0.96902449768857113     
          20          66  0.96932481337274679     
          21          67  0.96551417017769403     
          24          68  0.97409720801782518     
          24          69  0.96781221534661066     
          24          70  0.97721219727212383     
          29          71  0.95922771007794627     
          30          72  0.96597161018691546     
          31          73  0.96585418667563760     
          32          74  0.96198827428385414     
          39          75  0.95761346098141586     
          39          76  0.94376040282932783     
          41          77  0.96858783791706116     
          42          78  0.96942114169316806     
          43          79  0.96971341011425616     
          44          80  0.96980812558825957     
          45          81  0.96221726021688458     
          46          82  0.94741971645253087     
          46          83  0.95790272404962873     
          48          84  0.95833153577294927     
          49          85  0.96971254853638145     
          50          86  0.96995790521817060     
          51          87  0.96974358311382480     
          52          88  0.96737759854104932     
