    0.03044636
   -0.24839478
    0.14899784
   -0.08080881
    0.00577061
   -0.01130300
   -0.10463138
   -0.10298132
    0.00243386
   -0.07989213
   -0.07659948
    0.29221547
   -0.14546017
    0.04430046
   -0.11726362
   -0.12794386
    0.04650770
   -0.12024623
   -0.12155134
   -0.11966781
   -0.03868284
    0.05262451
   -0.05207371
   -0.03958070
    0.00850921
    0.00806431
   -0.01710485
   -0.01590673
    0.04995362
   -0.05263614
   -0.04347522
    0.01041748
    0.00840489
   -0.06101616
   -0.05715940
   -0.05791737
   -0.06368124
   -0.12663980
   -0.02953405
   -0.06262416
   -0.05636479
   -0.05662141
   -0.06183182
    0.01110125
   -0.01172480
   -0.10652201
   -0.10711657
   -0.06370395
    0.04938952
    0.07542947
    0.04583542
    0.05465239
    0.03522619
    0.02794241
    0.04450868
    0.04410479
    0.04712232
    0.04536630
    0.03919852
    0.06366301
    0.05194556
    0.06583848
    0.04844404
    0.06312249
    0.06023665
    0.05691947
    0.05286566
    0.05680179
    0.04610196
    0.06229611
    0.05247066
    0.04760197
    0.05663203
    0.06964838
    0.07153885
    0.06307422
    0.04665900
    0.04693415
    0.03696925
    0.04797513
    0.05012857
    0.04447067
    0.04007170
    0.03971362
    0.04263525
    0.03622488
    0.05566973
    0.04874176
    0.05944109
    0.05164423
    0.06463470
    0.04726081
    0.04405273
    0.03841522
    0.03755152
    0.03500631
    0.04044309
    0.04524402
    0.05288006
    0.04143787
    0.02790070
    0.04813608
    0.04795829
    0.04735134
    0.04813780
    0.04010608
    0.06714105
