           1           2  0.97673524130792411     
           2           3   1.0975265687833511     
           3           4   1.3516007608616578     
           4           5   1.4265001441941694     
           5           6   1.0029188357271757     
           6           7   1.0066928159743020     
           6           8  0.98709472954672417     
           5           9   1.3584294228939859     
           9          10  0.99613576133082193     
          10          11   1.1005346825040030     
          11          12   1.0216242626236727     
          12          13   1.2541366386098636     
          13          14  0.94369091410948913     
          14          15   1.0071176652074096     
          14          16   1.0042595289211291     
          13          17  0.93608654005606617     
          17          18   1.0049076215516999     
          17          19   1.0027356898638362     
          12          20   1.2075898370455711     
          20          21  0.97066583883174484     
          20          22  0.99183357278342243     
          22          23   1.3749908418584913     
          23          24   1.4553043582307457     
          24          25   1.3938515020540672     
          23          26  0.10032371038493583     
          25          26   1.3944519815451906     
          22          27   1.3652481057064823     
          24          27  0.10047279890368192     
          26          27   1.3560002823495398     
          27          28   1.0166901089477329     
          28          29   1.3576172934791744     
          29          30   1.3815877592551207     
          30          31   1.4473139323510420     
          31          32   1.3920353707251369     
          28          33   1.3567595852501235     
          32          33   1.3927387720325282     
          33          34   1.0133507777197657     
          34          35   1.0062753861028604     
          35          36   1.0094379379307927     
          32          37   1.0145942817594358     
          36          37   1.0073110309982969     
          12          38   1.1865527314544071     
          29          38  0.96382292984661899     
          38          39  0.97747492884983800     
          26          40   1.0132497076771725     
          40          41   1.0056476967012271     
          41          42   1.0096627879686053     
          25          43   1.0126739100776174     
          42          43   1.0073815996064188     
           9          44   1.3476188020122628     
          44          45   1.0012131001079494     
          45          46  0.99465261797616433     
          45          47  0.99320699908079602     
           3          48   1.3347509894215621     
          44          48   1.4490743893483951     
           1          49  0.97587638483146733     
           1          50  0.97814823462175982     
           1          51  0.97618498465957204     
           4          52  0.95764923495159060     
           6          53  0.95226400312725046     
           7          54  0.98406526458873200     
           7          55  0.98309151637450376     
           7          56  0.98009011184812733     
           8          57  0.98053674096025467     
           8          58  0.98601566578046795     
           8          59  0.97962662475965168     
          14          60  0.95460753944246923     
          15          61  0.96008242044755709     
          15          62  0.97920498026182057     
          15          63  0.97726740042130089     
          16          64  0.97973421680022077     
          16          65  0.96599816230701641     
          16          66  0.98102093069401231     
          17          67  0.94896465987168499     
          18          68  0.98123343672985552     
          18          69  0.97735896559910995     
          18          70  0.97944875832883493     
          19          71  0.98022876212098653     
          19          72  0.97433024633819598     
          19          73  0.98087280349779016     
          21          74  0.95794586335710796     
          21          75  0.97749056587346961     
          21          76  0.97035382617158861     
          23          77  0.96295194308240561     
          24          78  0.96709974612232341     
          30          79  0.96172441171208622     
          31          80  0.96775811286370961     
          34          81  0.96264553069113212     
          34          82  0.95320784987303153     
          35          83  0.97674122794298279     
          35          84  0.97656712239679788     
          36          85  0.97657989531147893     
          36          86  0.97741341471399479     
          37          87  0.95345792983242750     
          37          88  0.96597751492377470     
          39          89  0.96685507080617228     
          39          90  0.97520850287399641     
          39          91  0.97392684966247633     
          40          92  0.96067128187233941     
          40          93  0.95294310827521878     
          41          94  0.97683811101774787     
          41          95  0.97685639846935324     
          42          96  0.97511280255716826     
          42          97  0.97655791845799222     
          43          98  0.96657722153972037     
          43          99  0.95486439887437713     
          45         100  0.95475636049746881     
          46         101  0.98588880052367389     
          46         102  0.98440711880583553     
          46         103  0.98364492702571971     
          47         104  0.98316375447150750     
          47         105  0.98384329619082767     
          47         106  0.98686627017680140     
          48         107  0.95897850040475474     
