   -0.04154019
   -0.11039217
    0.05475750
   -0.04829541
   -0.03247965
    0.01221199
   -0.03082593
   -0.02274545
   -0.02310743
   -0.03289545
    0.01211616
   -0.00999964
   -0.00771629
    0.05207044
   -0.04781294
   -0.03398066
    0.01282731
   -0.03030930
   -0.02102392
   -0.02158038
   -0.03180779
    0.01102667
   -0.13130810
   -0.03118950
    0.27561297
   -0.05053343
   -0.05488609
    0.03702421
   -0.03013393
   -0.02320005
   -0.02168399
   -0.02333843
   -0.03189941
   -0.13950772
   -0.03548943
    0.04261017
   -0.01335322
   -0.06373665
   -0.01712627
   -0.06668066
   -0.01557430
   -0.06531829
   -0.06011536
   -0.02027579
   -0.06591397
    0.06325913
    0.07686622
    0.07436806
    0.04955916
    0.05402636
    0.04848257
    0.05051982
    0.04708705
    0.03674949
    0.03656520
    0.05349282
    0.04935606
    0.05302695
    0.05026000
    0.04090019
    0.05934994
    0.06437967
    0.05707371
    0.05401016
    0.05837864
    0.05780246
    0.05123920
    0.04760799
    0.06205534
    0.05784623
    0.06914866
    0.04704245
    0.02077509
    0.04849318
    0.02869486
    0.04085496
    0.04319636
    0.04233237
    0.03759309
    0.03383411
    0.04644135
    0.02668924
    0.04711020
    0.02839851
    0.05061404
    0.03203897
