           1           2  0.96767358148996074     
           2           3  0.98589083908405650     
           3           4   1.2846812639602909     
           4           5   1.5562127752458901     
           5           6   1.2713681156032581     
           6           7   1.2809033474200844     
           7           8   1.5539688093101880     
           8           9   1.3232782433781378     
           7          10  0.11732134937638893     
           9          10   1.5522774274794953     
           6          11   1.2532271143321694     
          10          11   1.2842078944360305     
           3          12   1.4502711247812758     
           5          12  0.10547324634539731     
          11          12   1.2342856688215760     
          12          13   1.0308797874514992     
          13          14   1.4530616114499095     
          14          15   1.2870303478412739     
          13          16  0.10468597264727450     
          15          16   1.5564914806339356     
          16          17   1.2730490040706037     
          17          18   1.2821478897229781     
          18          19   1.5531167183139372     
          19          20   1.3237912508625669     
          18          21  0.11698847638053216     
          20          21   1.5512021371823532     
          13          22   1.2337370799070728     
          17          22   1.2523569096347948     
          21          22   1.2857916388011716     
          14          23  0.95017021053831274     
          23          24  0.97412009838984714     
           2          25   1.2365572223498609     
          23          25   1.2005508786057708     
          25          26   1.0248273906316463     
          26          27   1.1311655070735573     
          27          28  0.97575797990463964     
          28          29   1.4057421508941470     
          29          30   1.4435804536463053     
          28          31  0.10278053839391857     
          30          31   1.4326991434303606     
          29          32  0.10982118493499601     
          31          32   1.4391530776874875     
          28          33   1.4079878334566354     
          30          33  0.10881158587408306     
          32          33   1.4376752801433506     
          25          34   1.2394754714915233     
          34          35  0.97367005261316020     
          34          36  0.93635462917791557     
          36          37  0.98036021476701518     
          37          38  0.99032384541749774     
          38          39  0.99800081569023980     
          39          40  0.99819455589300832     
          40          41  0.99828424665291693     
          37          42  0.99521422886167488     
          41          42  0.99810106817574051     
          41          43  0.99775096211436609     
          36          44  0.97824546872849483     
          43          44  0.99674681979019752     
          39          45  0.99828768247080546     
          44          45  0.99135570083769109     
           1          46  0.97220635532114441     
           1          47  0.97689862061157540     
           1          48  0.96483048225960166     
           4          49  0.96282124202427699     
           5          50  0.96617709977062849     
           7          51  0.96697328212621148     
           8          52  0.96937924883998028     
           9          53  0.96971119240941317     
          10          54  0.96555206259775028     
          15          55  0.96211559152076465     
          16          56  0.96619919356569106     
          18          57  0.96686045003579690     
          19          58  0.96911601909416067     
          20          59  0.96941906557608137     
          21          60  0.96523480058927591     
          24          61  0.96679955004019336     
          24          62  0.97681436570094693     
          24          63  0.97566997196006811     
          29          64  0.96690110039082922     
          30          65  0.96733825001148221     
          31          66  0.96880404346511417     
          32          67  0.96819726343904577     
          33          68  0.96334984365857168     
          35          69  0.96367839333821914     
          35          70  0.97376609858924634     
          35          71  0.96865854808966090     
          36          72  0.91925393365739549     
          37          73  0.96540023392873930     
          38          74  0.97398107406292844     
          38          75  0.97539074392186587     
          39          76  0.96649034908203879     
          40          77  0.97473119319667423     
          40          78  0.97485358004499179     
          41          79  0.96698684504648025     
          42          80  0.97150016291513308     
          42          81  0.97285244601552134     
          43          82  0.97033114906929374     
          43          83  0.97328932738406315     
          44          84  0.96245526525079761     
          45          85  0.97353927720355915     
          45          86  0.97460311025212953     
