    0.02676472
   -0.24310820
    0.15597736
   -0.05285411
   -0.03614162
    0.02487453
   -0.05006205
   -0.03713935
    0.51349178
   -0.17117907
    0.04973347
   -0.11873514
   -0.12525773
    0.05186185
   -0.12220783
   -0.12148157
   -0.25165093
    0.11253168
   -0.00777002
   -0.00017854
   -0.03186048
   -0.06332400
    0.15129700
   -0.25428052
    0.02974526
   -0.05549326
   -0.02882002
   -0.03488454
   -0.03807557
    0.01236302
   -0.01759590
    0.02541512
   -0.05947748
   -0.06447729
   -0.05957445
   -0.06415804
    0.01039587
   -0.04059635
   -0.03757053
   -0.00797571
   -0.00305887
   -0.03834051
   -0.06765025
    0.14775533
   -0.25793420
    0.03141746
   -0.05655880
   -0.03290191
    0.12108624
   -0.01850428
   -0.26539080
   -0.02901931
   -0.06240327
    0.07780299
    0.05317541
    0.05116150
    0.06624571
    0.05345671
    0.06580645
    0.04869280
    0.04961593
    0.06396543
    0.05557120
    0.05406509
    0.05979081
    0.04076023
    0.05653735
    0.05633846
    0.06002894
    0.06443891
    0.04698117
    0.05997157
    0.04725841
    0.05168210
    0.04959381
    0.04798069
    0.07364010
    0.05290370
    0.03017038
    0.06213625
    0.06085215
    0.05042995
    0.04297721
    0.06005443
    0.06047953
    0.03833590
    0.05024955
    0.05711742
    0.06006409
    0.05786508
    0.05899871
    0.03665120
    0.04511407
    0.07234694
    0.04908149
    0.04407035
    0.05743113
    0.04386331
    0.05913902
    0.05808824
