           1           2  0.97306435559962468     
           2           3   1.1092931382189741     
           3           4   1.3250519024672200     
           4           5   1.4852766156128292     
           5           6   1.3788275632936144     
           6           7  0.97580200801083794     
           7           8   1.2382036959685385     
           8           9  0.93492636498716619     
           9          10   1.2163651012570895     
          10          11  0.93625847085325475     
          11          12   1.0077368021894044     
          11          13   1.0050128611182807     
          10          14  0.94703832711233304     
          14          15   1.0034747171834977     
          14          16   1.0054383876496227     
           9          17   1.3036181306842083     
          17          18  0.88138342145191895     
          18          19   1.3383675009872351     
          19          20   1.0325443150365725     
          20          21   1.3859009039936239     
          21          22   1.4567098072184059     
          22          23   1.3578055778822429     
          23          24   1.0913649238449059     
          24          25  0.97639342512450578     
          21          26  0.10425545541386733     
          23          26   1.3348865139109496     
          20          27   1.3778050431688453     
          26          27   1.4751916973486725     
          19          28   1.3965485888900468     
          28          29   1.4324238062522765     
          29          30   1.4306845026034642     
          18          31   1.4039610008770318     
          28          31  0.10052172667882393     
          30          31   1.3455516678430619     
          31          32  0.98815595254982769     
          32          33  0.95870647919717977     
          30          34   1.0159828362360321     
          33          34   1.0021464254558319     
          32          35  0.95399284035184273     
          35          36   1.0027967977333629     
          36          37   1.0158615191266132     
          37          38   1.4266840800208704     
          38          39   1.4375675993923649     
          39          40   1.3891045594161913     
          40          41   1.0495534012505197     
          41          42   1.3863099875836615     
          42          43   1.4482760392652629     
          43          44   1.3597693283933285     
          44          45   1.0859759182152722     
          45          46  0.97822778611566763     
          42          47  0.10278291280352667     
          44          47   1.3338268183696280     
          41          48   1.3619186239495977     
          47          48   1.4827292482978458     
          40          49   1.3338215964473008     
          32          50  0.98985726485092007     
          37          50   1.3490710160309645     
          39          50  0.10069038342988085     
          49          50   1.4055266317752086     
           9          51   1.2720190250708816     
          49          51  0.88563032992781943     
           6          52   1.4022060900835913     
           3          53   1.3519100052468256     
          52          53   1.4539125685210565     
           1          54  0.97805130769650173     
           1          55  0.97587755706131596     
           1          56  0.97588311277517248     
           4          57  0.96483127358386267     
           5          58  0.95555089179651698     
          11          59  0.95233258527615028     
          12          60  0.98025384634559076     
          12          61  0.97376477799017103     
          12          62  0.97964466297361041     
          13          63  0.97864450601147657     
          13          64  0.97942950311381283     
          13          65  0.98063994030552426     
          14          66  0.93496243828642922     
          15          67  0.97920628715398894     
          15          68  0.97442677242383446     
          15          69  0.98054965193929244     
          16          70  0.98027181869739055     
          16          71  0.97321960560664955     
          16          72  0.98050086533091152     
          21          73  0.96811100325708033     
          22          74  0.96425465724255666     
          25          75  0.97640438181824507     
          25          76  0.97631820980748063     
          25          77  0.97850590329532183     
          26          78  0.96626996210308613     
          27          79  0.92120055093501230     
          28          80  0.96605206036443181     
          29          81  0.96580663833786717     
          33          82  0.97759093264348773     
          33          83  0.97839537389788522     
          34          84  0.95654949434130998     
          34          85  0.96424304090677182     
          35          86  0.97875546923399059     
          35          87  0.97703383791778564     
          36          88  0.96613602082390493     
          36          89  0.95594820519844881     
          38          90  0.96599973565781705     
          39          91  0.96505977623952433     
          42          92  0.96720089511292762     
          43          93  0.96527606762166407     
          46          94  0.97859594035577824     
          46          95  0.97647830455202711     
          46          96  0.97634120835578586     
          47          97  0.96488250115911722     
          48          98  0.96706472476369476     
          52          99  0.96645704658284415     
          53         100  0.96307645311543444     
