   -0.11827902
    0.02801168
   -0.03793682
   -0.03308596
    0.02687813
   -0.02140897
   -0.07632619
    0.57146109
   -0.17192134
    0.04487616
   -0.12476992
   -0.12687787
    0.05040064
   -0.12524513
   -0.12249712
   -0.25643683
    0.11861332
   -0.05187220
   -0.02391789
   -0.03507828
    0.01766929
   -0.01367273
    0.02451741
   -0.06012728
   -0.06601585
   -0.06097882
   -0.06630537
    0.01729741
   -0.03733272
   -0.02783130
   -0.05533526
    0.12352059
   -0.01298551
   -0.27028406
   -0.03256299
   -0.03650078
    0.07074014
    0.05508407
    0.05637602
    0.05157795
    0.04997220
    0.06743946
    0.05305093
    0.06842310
    0.05785870
    0.05582227
    0.05087341
    0.07021659
    0.04114911
    0.04683662
    0.06493235
    0.06130369
    0.06372153
    0.05726609
    0.06163688
    0.05933496
    0.06855805
    0.06627881
    0.05355587
    0.04277298
    0.06321991
    0.06459166
    0.04297394
    0.05466082
    0.06494313
    0.06256875
    0.06465943
    0.06332341
    0.05777823
    0.05392603
    0.05491338
