           1           2   1.0344006133559105     
           2           3   1.4031555128284363     
           3           4   1.4470607764541934     
           4           5   1.4016743005775503     
           5           6  0.97824607287432663     
           6           7   1.1659352134205903     
           7           8  0.97086577456012779     
           8           9   1.2382600290834149     
           9          10  0.93654320250446565     
          10          11   1.0067858877798916     
          10          12   1.0069671268882263     
           9          13  0.94139508655693016     
          13          14   1.0056043527981466     
          13          15   1.0031075190556269     
           8          16   1.2949007136050099     
          16          17  0.87204582289163413     
          17          18   1.3832180489472325     
          18          19   1.4494954488249072     
          19          20   1.4214515377960852     
          18          21  0.10671749815332300     
          20          21   1.4389907851453931     
          17          22   1.4050262902768100     
          19          22  0.10443526862337603     
          21          22   1.3462182273510575     
          22          23  0.99102909537186656     
          23          24  0.95540296003316305     
          21          25   1.0167895223108820     
          24          25   1.0019611110202387     
          23          26  0.95694032085170178     
          26          27   1.0023817318861359     
          27          28   1.0171915341444058     
          28          29   1.4397601977385883     
          29          30   1.4201562099965908     
          28          31  0.10650881669282238     
          30          31   1.4508141583226795     
          31          32   1.3827337331274028     
          23          33  0.99024859303002855     
          28          33   1.3448543452468529     
          30          33  0.10452296881861328     
          32          33   1.4049061351530985     
           8          34   1.2889073759019190     
          32          34  0.87103866333072133     
           3          35  0.10489844966016341     
           5          35   1.3999166972291439     
           2          36   1.3955070810799279     
           4          36  0.10396678243537831     
          35          36   1.4552002059885294     
           1          37  0.95716174640486207     
           1          38  0.98019236635279128     
           1          39  0.97778339748242482     
           3          40  0.96634567083599232     
           4          41  0.96726778244180023     
          10          42  0.95535894836665847     
          11          43  0.98398678881884094     
          11          44  0.97942632704756183     
          11          45  0.97849238719894627     
          12          46  0.97465295281824105     
          12          47  0.97824549985873910     
          12          48  0.97919814008815853     
          13          49  0.94590737861673935     
          14          50  0.97769871122584284     
          14          51  0.97958728284910335     
          14          52  0.98075137721338612     
          15          53  0.98051103989323296     
          15          54  0.98059655286997116     
          15          55  0.97963342010682275     
          18          56  0.96317447961996261     
          19          57  0.96727702710080254     
          20          58  0.96579900333939128     
          24          59  0.97692032259474670     
          24          60  0.97859456822192137     
          25          61  0.96528108153554926     
          25          62  0.95475382481580584     
          26          63  0.97849733586202514     
          26          64  0.97675962383412229     
          27          65  0.95446167455612430     
          27          66  0.96480384036371825     
          29          67  0.96597462365306841     
          30          68  0.96784343835317932     
          31          69  0.96170750304900698     
          35          70  0.96645208496171475     
          36          71  0.96607479814666575     
