   -0.12424069
    0.03637547
   -0.01014831
   -0.03560688
   -0.04654912
    0.17662831
   -0.20582798
   -0.04923281
   -0.03867297
   -0.14684972
    0.04284506
   -0.11350645
   -0.01067274
   -0.03245559
   -0.04712712
    0.17848280
   -0.20258043
   -0.04663484
   -0.03704588
    0.30097799
   -0.05363578
   -0.04884038
    0.03716278
   -0.03166829
   -0.02357879
   -0.02253402
   -0.02340616
   -0.03150551
   -0.13203911
   -0.03159745
    0.05018439
   -0.05396827
   -0.03420919
    0.01214272
   -0.03048713
   -0.02167133
   -0.02203297
   -0.03229898
    0.01144748
   -0.00982107
   -0.00899048
    0.05340831
   -0.04687311
   -0.03110027
    0.01306973
   -0.03004597
   -0.02267492
   -0.02359337
   -0.03342801
    0.01191167
   -0.12494257
   -0.03887510
    0.05696693
    0.05502546
    0.06842427
    0.07136902
    0.06210489
    0.07471588
    0.07102334
    0.04056959
    0.05761818
    0.06359813
    0.05876954
    0.04541585
    0.05237993
    0.07621324
    0.07230664
    0.04328773
    0.05228357
    0.05825984
    0.05844295
    0.05369072
    0.04765969
    0.06892249
    0.06287195
    0.05166495
    0.04068635
    0.05295449
    0.04845502
    0.05201611
    0.04917543
    0.03933258
    0.04492935
    0.05567956
    0.04924639
    0.05082819
    0.04644781
    0.03634139
    0.06772882
    0.07715432
    0.05177245
