           1           2   1.0057628576195334     
           2           3  0.98907486897306307     
           3           4   1.4111789798245613     
           4           5   1.4410825296809766     
           5           6   1.3949922415890661     
           6           7  0.97683708364452515     
           4           8  0.10673273097668694     
           6           8   1.3851874126600956     
           3           9   1.4018680988154530     
           5           9  0.10918653310547868     
           8           9   1.4526196545335048     
           2          10  0.92978889787325802     
          10          11  0.92116429247955600     
          11          12   1.0022225738863029     
          11          13  0.98824906246214228     
          13          14   1.4104448279135426     
          14          15   1.4425929564313802     
          15          16   1.3918909519312368     
          16          17  0.98015282626953071     
          14          18  0.10755100391830026     
          16          18   1.3868447283210166     
          13          19   1.4030090646333462     
          15          19  0.10856467683935525     
          18          19   1.4505588635622271     
          10          20   1.2551881757345507     
          20          21   1.0006294125733595     
          21          22   1.1579705784591414     
          22          23  0.97827446645202321     
          23          24   1.4034690451087257     
          24          25   1.4441469969391969     
          23          26  0.10244385101342590     
          25          26   1.4320704246010478     
          24          27  0.10972200580338942     
          26          27   1.4392027101369567     
          23          28   1.4049515406519706     
          25          28  0.10838696141593304     
          27          28   1.4379725374230463     
          20          29   1.2079611771023313     
          29          30  0.97297881872687075     
          29          31  0.96900240964858653     
          31          32   1.2797527588554909     
          32          33   1.5566087104746837     
          33          34   1.2731377319096420     
          34          35   1.2809353241390451     
          35          36   1.5539626342471811     
          36          37   1.3235904749303569     
          35          38  0.11729022005433967     
          37          38   1.5514512769796016     
          34          39   1.2542204269906239     
          38          39   1.2857502049506904     
          31          40   1.4575883488834023     
          33          40  0.10484164187392944     
          39          40   1.2310788550521643     
          40          41   1.0313700082246429     
          41          42   1.4582067188595986     
          42          43   1.2841266520226342     
          41          44  0.10409678751424534     
          43          44   1.5591224932453740     
          44          45   1.2710865228520645     
          45          46   1.2817194803274363     
          46          47   1.5533623622903643     
          47          48   1.3239857950032996     
          46          49  0.11728660046846814     
          48          49   1.5511167353218258     
          41          50   1.2297274626998433     
          45          50   1.2540063781974220     
          49          50   1.2835903289356017     
          20          51   1.2118057201262562     
          42          51  0.96909167924954143     
          51          52  0.97069752461026981     
           1          53  0.98047228458530422     
           1          54  0.96632119303525610     
           1          55  0.97849688729711393     
           2          56  0.94376784597890917     
           4          57  0.96016098826416751     
           5          58  0.96474664953452871     
           8          59  0.96526503869158042     
           9          60  0.96198752126754117     
          11          61  0.92874106630288566     
          12          62  0.97876542230393371     
          12          63  0.97731639102971901     
          12          64  0.97834941906056005     
          14          65  0.96080309450966772     
          15          66  0.96465909011782580     
          18          67  0.96502467222394794     
          19          68  0.96481842231623272     
          24          69  0.96632279930933607     
          25          70  0.96731477725405235     
          26          71  0.96873330241803446     
          27          72  0.96787201938401402     
          28          73  0.96357192398882696     
          30          74  0.97777793295953186     
          30          75  0.96225211749791772     
          30          76  0.97161272908507346     
          32          77  0.96294304870934089     
          33          78  0.96612029878757022     
          35          79  0.96696328716772384     
          36          80  0.96921503824886790     
          37          81  0.96952522897580451     
          38          82  0.96512874695796835     
          43          83  0.96338991315004840     
          44          84  0.96601451209014522     
          46          85  0.96691554992240714     
          47          86  0.96934632041917190     
          48          87  0.96976712752218497     
          49          88  0.96564710190532810     
          52          89  0.96102223391820918     
          52          90  0.97654016620266482     
          52          91  0.97403657366710372     
