   -0.10523352
   -0.01432349
   -0.10512267
    0.01719696
   -0.04222705
    0.00746606
   -0.01132881
   -0.10484397
   -0.10443282
    0.01033623
   -0.07351612
   -0.07427478
    0.28013110
   -0.13628612
   -0.04544429
    0.08529738
   -0.12162520
   -0.12372858
   -0.12490089
   -0.11968272
   -0.03783326
    0.05719928
   -0.04778810
   -0.03032120
    0.01246656
   -0.03166897
   -0.02414123
   -0.02409218
   -0.03323580
    0.01317100
   -0.01277622
   -0.00711572
    0.05357841
   -0.04637836
   -0.03465729
    0.01234583
   -0.03102316
   -0.02162365
   -0.02226313
   -0.03197015
    0.01068165
   -0.12745478
   -0.02848500
    0.00470508
   -0.01051941
   -0.10206771
   -0.10448797
   -0.05154943
    0.04768009
    0.04148967
    0.03775211
    0.03796135
    0.04091691
    0.04794997
    0.03217099
    0.05374807
    0.03846933
    0.03946381
    0.04458218
    0.04689052
    0.04533258
    0.04687774
    0.02679279
    0.05877383
    0.06751141
    0.06871472
    0.05190084
    0.05620319
    0.06867197
    0.05716995
    0.05070763
    0.06561065
    0.06555631
    0.04942822
    0.05249205
    0.06986028
    0.06342464
    0.07256063
    0.04810299
    0.05227343
    0.04549360
    0.04847366
    0.04535660
    0.03553394
    0.03703549
    0.05146848
    0.04800894
    0.05169179
    0.04905858
    0.04021174
    0.05215434
    0.06652535
    0.05897350
    0.03083205
    0.04554242
    0.04657468
    0.03750229
    0.04764293
    0.03025931
    0.03807956
    0.05038808
