           1           2  0.99368022642567200     
           2           3  0.99506350388714915     
           2           4   1.0013281416336854     
           4           5   1.4076216908840475     
           5           6   1.4160104807714819     
           6           7   1.0011725120052091     
           7           8  0.99302110147989520     
           7           9  0.99524879571381331     
           6          10   1.3717399821832506     
          10          11  0.98246282972859311     
          11          12   1.1161579787648741     
          12          13   1.0040611730996438     
          13          14   1.2470346670992782     
          14          15  0.97210521431671848     
          14          16  0.92453490525174042     
          16          17  0.99776576754414625     
          16          18  0.99455817290879756     
          16          19  0.99521320136998115     
          13          20   1.2020265810479933     
          20          21  0.97024012096174539     
          20          22  0.99828728227145058     
          22          23   1.2823449147130339     
          23          24   1.5566075903688241     
          24          25   1.2726175725893389     
          25          26   1.2799397514631048     
          26          27   1.5545506493686718     
          27          28   1.3226058069450735     
          26          29  0.11769455373818974     
          28          29   1.5526732033571862     
          25          30   1.2533263538703225     
          29          30   1.2831147568369810     
          22          31   1.4449065869666811     
          24          31  0.10603949295309006     
          30          31   1.2343072321961897     
          31          32   1.0304684936088981     
          32          33   1.4490478963537647     
          33          34   1.2878370736432692     
          32          35  0.10491942093289598     
          34          35   1.5567624247843874     
          35          36   1.2724777382329371     
          36          37   1.2823049737582513     
          37          38   1.5530593409172979     
          38          39   1.3238084267452248     
          37          40  0.11702920818903659     
          39          40   1.5513781898739540     
          32          41   1.2338233306750837     
          36          41   1.2529253686774884     
          40          41   1.2855940636509462     
          13          42   1.2015523527533909     
          33          42  0.95224944631273378     
          42          43  0.97669357173426019     
          10          44   1.3592212449200911     
          44          45   1.0021351560219631     
          45          46  0.98731580597502688     
          45          47   1.0068709468148922     
           4          48   1.4011709127562821     
          44          48   1.4218351412293915     
           1          49  0.98405277728017659     
           1          50  0.98485307603595862     
           1          51  0.98710523304687825     
           2          52  0.96720423146731627     
           3          53  0.98478942759226684     
           3          54  0.98427799856392739     
           3          55  0.98758961961619529     
           5          56  0.95721056595577492     
           7          57  0.95417832956990967     
           8          58  0.98688632891487571     
           8          59  0.98319058193521580     
           8          60  0.98386812083280450     
           9          61  0.98352567246004141     
           9          62  0.98455637631780801     
           9          63  0.98590178488416658     
          15          64  0.97643643518698209     
          15          65  0.97366985331368494     
          15          66  0.96332198697496918     
          17          67  0.97497947925598294     
          17          68  0.94756704426320870     
          17          69  0.97754334681112309     
          18          70  0.98228903567431047     
          18          71  0.98256205919191897     
          18          72  0.97886306773573761     
          19          73  0.97977579763831346     
          19          74  0.98179018130261175     
          19          75  0.97015249928666514     
          21          76  0.96253715251207694     
          21          77  0.97100303378112796     
          21          78  0.97736877570844449     
          23          79  0.96299091948213311     
          24          80  0.96593362880929123     
          26          81  0.96715488202262212     
          27          82  0.96957047345540004     
          28          83  0.96988370764824916     
          29          84  0.96537899816325012     
          34          85  0.96087213514379177     
          35          86  0.96642926067733992     
          37          87  0.96701169436258427     
          38          88  0.96926639803290859     
          39          89  0.96952419724865480     
          40          90  0.96537709082329659     
          43          91  0.97529477453705016     
          43          92  0.97300322702252229     
          43          93  0.96776588210661230     
          45          94  0.95222085883826890     
          46          95  0.98088852682106509     
          46          96  0.98587066075428575     
          46          97  0.97925499167576713     
          47          98  0.98284067283249077     
          47          99  0.98300232106172125     
          47         100  0.98331431382300871     
          48         101  0.95962928282654580     
