    0.03115464
   -0.25389438
    0.14893021
   -0.06943759
   -0.03569723
   -0.00641019
   -0.00953826
   -0.03455508
   -0.03825963
    0.01177266
   -0.01726574
    0.11375276
   -0.25994468
    0.50539035
    0.01261927
   -0.01922795
    0.03532798
   -0.03320027
   -0.02206754
   -0.02414920
   -0.02128898
   -0.03289503
   -0.18332069
    0.05966783
   -0.11734988
   -0.12354908
    0.05801991
   -0.11930969
   -0.12256868
   -0.27246160
    0.11716334
   -0.00774850
   -0.00093828
   -0.03287119
   -0.06352984
    0.15014577
   -0.25855313
    0.03095872
   -0.05832272
   -0.03814401
   -0.03888177
   -0.04223821
    0.00746681
   -0.02150344
    0.02521449
   -0.05988288
   -0.06409123
   -0.05863351
   -0.06423246
   -0.03397527
   -0.05269729
    0.07372118
    0.04143017
    0.04975095
    0.04244897
    0.03581572
    0.06249774
    0.06051161
    0.05454863
    0.05874160
    0.05941682
    0.06154727
    0.05452120
    0.04611214
    0.05325084
    0.06010183
    0.05412852
    0.05355723
    0.06411705
    0.05766107
    0.03154681
    0.06210849
    0.06022032
    0.06020650
    0.04106413
    0.05965147
    0.06304629
    0.04557369
    0.04929322
    0.04818854
    0.07172508
    0.04835536
    0.04786485
    0.02995645
    0.05939580
    0.05715014
    0.04083978
    0.05072745
    0.06060853
    0.05861663
    0.05060469
    0.03814462
    0.05631925
    0.06005330
    0.04688662
    0.06302183
