           1           2  0.97891006578485840     
           2           3   1.0885501746526520     
           3           4   1.3628731852620350     
           4           5   1.4437273428636694     
           5           6   1.3924726326469750     
           6           7   1.0457163043757505     
           7           8   1.3940222209454634     
           8           9   1.4354781525194604     
           9          10   1.4286601384073569     
           8          11  0.10092001148391094     
          10          11   1.3477976977194943     
           7          12   1.3316254192586137     
          11          12   1.4069209269071181     
          12          13  0.89178925903028516     
          13          14   1.2864326701642181     
          14          15  0.93212847917054265     
          15          16   1.3165740690662771     
          16          17  0.95596531777109395     
          17          18   1.3985210040576275     
          18          19   1.4402890618241830     
          17          20  0.10304046512724334     
          19          20   1.4363497387089446     
          18          21  0.10919689556169739     
          20          21   1.4354334155595321     
          17          22   1.4101381783963658     
          19          22  0.10930553329513651     
          21          22   1.4369883443067921     
          14          23   1.1888730894123660     
          23          24  0.92879330295276807     
          24          25   1.0059255939351655     
          24          26   1.0003578371454547     
          23          27  0.94496678443770077     
          27          28   1.0059985781102947     
          27          29   1.0049354154317365     
          14          30   1.2686762112309036     
          30          31  0.88454378405544776     
          31          32   1.3352710491710413     
          32          33   1.0436297334475755     
          33          34   1.3824437030902157     
          34          35   1.4586411436366364     
          35          36   1.3578918028987639     
          36          37   1.0870054587183118     
          37          38  0.97704163262710764     
          34          39  0.10303274435277952     
          36          39   1.3374547829935688     
          33          40   1.3732169604640974     
          39          40   1.4791208422358206     
          32          41   1.3918068204565186     
          41          42   1.4357082616704682     
          42          43   1.4271783755935792     
          31          44   1.4018442872281860     
          41          44  0.10035220401549375     
          43          44   1.3481825177835667     
          11          45  0.99102006257776165     
          44          45  0.98615581567927224     
          45          46  0.95430777931061961     
          10          47   1.0162269740914447     
          46          47   1.0020893739488050     
          45          48  0.96004529033750119     
          43          49   1.0152334166781880     
          48          49   1.0023109373029657     
           6          50   1.3557810320497878     
           3          51   1.3298766697897642     
           5          51  0.10210617694831008     
          50          51   1.4877600112905049     
           1          52  0.97839622418489569     
           1          53  0.97650123595627436     
           1          54  0.97607278434677547     
           4          55  0.96527648732232141     
           5          56  0.96828013582993189     
           8          57  0.96579209727602966     
           9          58  0.96591188252675786     
          18          59  0.96489495359632915     
          19          60  0.96708562706187806     
          20          61  0.96837631568063065     
          21          62  0.96577986105340619     
          22          63  0.94872010060816614     
          24          64  0.94433870277284071     
          25          65  0.98067618538450174     
          25          66  0.97985865319539789     
          25          67  0.97953353333780002     
          26          68  0.97948875921855272     
          26          69  0.97970649916119890     
          26          70  0.98021508880428765     
          27          71  0.94013411541927339     
          28          72  0.98111864112761271     
          28          73  0.97959288404255296     
          28          74  0.97862813051153452     
          29          75  0.96633049319718867     
          29          76  0.97933906612907384     
          29          77  0.97869078906336993     
          34          78  0.96750290895446056     
          35          79  0.96462704157383894     
          38          80  0.97634240969998642     
          38          81  0.97876520086440100     
          38          82  0.97656465584787988     
          39          83  0.96545031387675695     
          40          84  0.94746625355286329     
          41          85  0.96559878263662391     
          42          86  0.96636643298669755     
          46          87  0.97867595269029228     
          46          88  0.97692177945192160     
          47          89  0.95559213321122116     
          47          90  0.96656396921546928     
          48          91  0.97748022374701227     
          48          92  0.97884667180082141     
          49          93  0.96535687329254904     
          49          94  0.95673671674692651     
          50          95  0.96420888811159300     
          51          96  0.96576875396940010     
