   -0.12796045
    0.04365105
   -0.11919792
   -0.14289665
    0.04597908
   -0.12284285
   -0.12050036
    0.29505035
   -0.06364373
   -0.05895870
    0.03653078
   -0.03037580
   -0.02329003
   -0.02241317
   -0.02386316
   -0.03228444
   -0.12651146
   -0.03209667
    0.04873184
   -0.05134148
   -0.04322705
    0.01250151
    0.01033182
   -0.01496214
   -0.01483777
    0.05129145
   -0.05290418
   -0.03962111
    0.00893265
    0.00597877
   -0.06026844
   -0.05366409
   -0.05626933
   -0.06291088
   -0.11751711
   -0.04097314
   -0.06221470
   -0.05788072
   -0.05839489
   -0.06417543
    0.05866785
    0.06475309
    0.05759008
    0.06518241
    0.06807018
    0.05349751
    0.05019839
    0.05380869
    0.05894518
    0.04769072
    0.05327483
    0.06375930
    0.04622600
    0.05811777
    0.05265864
    0.05736529
    0.05690917
    0.05025881
    0.05069590
    0.06069546
    0.05786003
    0.05830679
    0.03682296
    0.04965893
    0.04767228
    0.04910334
    0.03806018
    0.05398109
    0.02568532
    0.04215292
    0.03405993
    0.04393763
    0.04645142
    0.05362368
    0.07097825
    0.06315842
    0.07340081
    0.04725528
    0.04852179
    0.04101531
    0.04058603
    0.03774172
    0.04355524
    0.05708813
    0.04997575
