           1           2   1.0046062607651522     
           2           3   1.0073092901101530     
           2           4  0.94208546103463409     
           4           5  0.93348602106692902     
           5           6   1.0031790610286564     
           5           7   1.0049719855249257     
           4           8   1.2567757775676014     
           8           9  0.98533870532444967     
           9          10   1.1478601129925523     
          10          11  0.97720674084540116     
          11          12   1.4059282646594093     
          12          13   1.4430083702505203     
          11          14  0.10278911640544583     
          13          14   1.4334195691368634     
          12          15  0.10940192460000628     
          14          15   1.4379612895308731     
          11          16   1.4052892792438887     
          13          16  0.10888427625729306     
          15          16   1.4393395919336316     
           8          17   1.2030507645964044     
          17          18  0.97647062073132795     
          17          19  0.95832362737775134     
          19          20   1.3836098573458064     
          20          21   1.4454838615625472     
          21          22   1.3955522742620758     
          22          23   1.3903855661722835     
          19          24   1.3586377771795271     
          23          24   1.3594496728099865     
          24          25   1.0189635690927277     
          25          26   1.3540071509656086     
          26          27   1.3900640970041991     
          27          28   1.4403540727684605     
          28          29   1.4068992222746262     
          25          30   1.3703622990105626     
          27          30  0.10073488925677891     
          29          30   1.3727998411209421     
          30          31   1.0207996840259805     
          31          32  0.98937565976366670     
          32          33   1.0049887784777296     
          29          34   1.0228151291634286     
          33          34  0.98953372875035372     
           8          35   1.2174475632189075     
          26          35  0.98523109047180180     
          35          36  0.97012741761712518     
          23          37   1.0152363323781466     
          37          38   1.0060413448324923     
          38          39   1.0095380214606982     
          22          40   1.0152582388609379     
          39          40   1.0073198422452387     
           1          41  0.96679417637327381     
           1          42  0.97947082280738595     
           1          43  0.98096637427358357     
           2          44  0.95408552199555563     
           3          45  0.97871075631032944     
           3          46  0.95845091900946044     
           3          47  0.97727322828649543     
           5          48  0.94938361586270403     
           6          49  0.98019808964595623     
           6          50  0.97326947106898110     
           6          51  0.98000259801322198     
           7          52  0.97914665571451642     
           7          53  0.97666091539509248     
           7          54  0.98101878393645214     
          12          55  0.96694640578605773     
          13          56  0.96746352233627420     
          14          57  0.96893852308901351     
          15          58  0.96626914228734828     
          16          59  0.96396356386704141     
          18          60  0.97647283452508837     
          18          61  0.96602988740886186     
          18          62  0.97532051259583930     
          20          63  0.96150033965885773     
          21          64  0.96753066907654239     
          27          65  0.96232007607360293     
          28          66  0.96704337920957673     
          31          67  0.97208706105625087     
          31          68  0.95631342103223060     
          32          69  0.98117184845189831     
          32          70  0.97805533376558840     
          33          71  0.98069659957295019     
          33          72  0.98015558183326734     
          34          73  0.97536141329362958     
          34          74  0.95530062603363786     
          36          75  0.95806832487426941     
          36          76  0.96979060848515042     
          36          77  0.97716589178913027     
          37          78  0.95254790157505476     
          37          79  0.96247227336198127     
          38          80  0.97669444333256772     
          38          81  0.97689660443997628     
          39          82  0.97735268253700813     
          39          83  0.97649775754724899     
          40          84  0.95282420482092911     
          40          85  0.96555321714221998     
