    0.03082181
   -0.24820042
    0.14957704
   -0.06565700
    0.01133792
   -0.01068156
   -0.10941547
   -0.10097918
    0.01780083
   -0.12979994
   -0.08772869
    0.24153334
   -0.13729591
    0.05293842
   -0.12158662
   -0.12085286
    0.04741276
   -0.11799101
   -0.12192876
   -0.12522018
   -0.03414044
    0.05544605
   -0.04276870
   -0.03023990
    0.01602316
   -0.02908503
   -0.02264949
   -0.02251244
   -0.02934589
    0.01512186
   -0.00513857
   -0.00644548
    0.05342368
   -0.04711276
   -0.03303313
    0.01375053
   -0.03044533
   -0.02212071
   -0.02287182
   -0.03205476
    0.01264614
   -0.10228307
   -0.03340165
    0.00831747
   -0.00945541
   -0.10324330
   -0.10610167
   -0.07592355
    0.04806089
    0.04697354
    0.07470035
    0.07103596
    0.03907630
    0.04140101
    0.04672212
    0.04082771
    0.04543240
    0.04372277
    0.03292689
    0.05691627
    0.05326222
    0.06511963
    0.05908612
    0.05846872
    0.06563208
    0.05023098
    0.06346576
    0.05360959
    0.04731430
    0.06499932
    0.05303395
    0.05773983
    0.05114855
    0.07114745
    0.06476005
    0.05060307
    0.04176652
    0.05170557
    0.04504479
    0.04719754
    0.04621869
    0.03822434
    0.03977615
    0.05332089
    0.04790105
    0.05025985
    0.04690186
    0.03748584
    0.06493240
    0.06659484
    0.07034491
    0.03753723
    0.03876483
    0.04747412
    0.04293279
    0.04512009
    0.04228765
    0.04013261
    0.05221729
