           1           2  0.97694138306009792     
           2           3   1.0967762756923258     
           3           4   1.3254364756227288     
           4           5   1.4606254988470264     
           5           6   1.0030618914118521     
           6           7   1.0071011424403642     
           6           8  0.98672057602057262     
           5           9   1.3285882456568854     
           9          10  0.98910906685085376     
          10          11   1.1055193426361551     
          11          12  0.97780687780010966     
          12          13   1.2494559093439128     
          13          14  0.94472268619798794     
          14          15   1.0051296855245195     
          14          16   1.0023009470348128     
          13          17  0.93604670441806115     
          17          18   1.0071031467900164     
          17          19   1.0028262282732507     
          12          20   1.2036768537795735     
          20          21  0.97553393439325609     
          20          22  0.96735169677742439     
          22          23   1.2859478070805139     
          23          24   1.5522893899453230     
          24          25   1.2737790177509434     
          25          26   1.2782753680814944     
          26          27   1.5540703572820675     
          27          28   1.3204922700607780     
          26          29  0.11724267880177279     
          28          29   1.5535058251896934     
          25          30   1.2539423222554269     
          29          30   1.2837182856646490     
          22          31   1.4480900510563657     
          24          31  0.10585832119690056     
          30          31   1.2329282642964876     
          31          32   1.0362933257213198     
          32          33   1.4622702063492008     
          33          34   1.2807539462154027     
          32          35  0.10470234280057966     
          34          35   1.5595053232938292     
          35          36   1.2711899236464466     
          36          37   1.2811329976330281     
          37          38   1.5536360751713427     
          38          39   1.3243787326401366     
          37          40  0.11744259789602998     
          39          40   1.5507794713445857     
          32          41   1.2264060929329126     
          36          41   1.2566677296897959     
          40          41   1.2867424832303282     
          12          42   1.2581331206823316     
          33          42  0.97077886699394478     
          42          43  0.96832073669885332     
           9          44   1.3750273341198360     
          44          45  0.99977248835946408     
          45          46  0.99568087211884959     
          45          47  0.99553385395142369     
           3          48   1.3617904166549526     
          44          48   1.4151644443840359     
           1          49  0.97609529253460359     
           1          50  0.97611615453303191     
           1          51  0.97829885068843681     
           4          52  0.95833647701027658     
           6          53  0.95292969735923005     
           7          54  0.98270520254695226     
           7          55  0.98278857324815316     
           7          56  0.98605897137042808     
           8          57  0.98614032036912713     
           8          58  0.98057224457061476     
           8          59  0.97973818085584374     
          14          60  0.91813468499378637     
          15          61  0.97491584295323752     
          15          62  0.97997518881316781     
          15          63  0.98010421749671006     
          16          64  0.97653800922500711     
          16          65  0.97935449899986116     
          16          66  0.98032530767902637     
          17          67  0.95352060587042198     
          18          68  0.96394089904444979     
          18          69  0.98122614723891721     
          18          70  0.97935330423579425     
          19          71  0.98050380447224228     
          19          72  0.98197369030042714     
          19          73  0.97343600532077335     
          21          74  0.97677492614059114     
          21          75  0.96566335644132140     
          21          76  0.97509766959019939     
          23          77  0.96206393962264536     
          24          78  0.96624566103667031     
          26          79  0.96542551535873589     
          27          80  0.96957634188176611     
          28          81  0.96981419941609226     
          29          82  0.96592032743962042     
          34          83  0.95995495961158595     
          35          84  0.96585970045766312     
          37          85  0.96697469303000494     
          38          86  0.96936548167805259     
          39          87  0.96972064662645741     
          40          88  0.96469863504826736     
          43          89  0.96960686051013734     
          43          90  0.95987542247556712     
          43          91  0.97525970551471375     
          45          92  0.94962859197074245     
          46          93  0.97031106143659118     
          46          94  0.98286855993326572     
          46          95  0.98413733619889388     
          47          96  0.98288309915664740     
          47          97  0.98479927503321929     
          47          98  0.98686565629326450     
          48          99  0.95738026818781130     
