    0.03098261
   -0.25306334
    0.14916448
   -0.06900204
   -0.03462971
   -0.00599355
   -0.00964561
   -0.03388782
   -0.03785164
    0.01211227
   -0.01716472
    0.11325544
   -0.26379431
    0.51997797
   -0.01335069
   -0.02134987
    0.03676421
   -0.03542566
   -0.02623714
    0.01994980
   -0.02385436
   -0.02172451
   -0.02228703
   -0.03445816
    0.01830718
   -0.04322148
   -0.18962993
    0.05569376
   -0.11851527
   -0.12094149
    0.06072264
   -0.12409649
   -0.11800759
   -0.26651929
    0.11835539
   -0.00753585
   -0.00111753
   -0.03995884
   -0.05735661
    0.14868605
   -0.26017416
    0.03310611
   -0.06457755
   -0.03380460
   -0.03855156
   -0.04177695
    0.00877179
   -0.02047341
    0.02545700
   -0.05970351
   -0.06416356
   -0.05897327
   -0.06421419
   -0.03452981
   -0.05368906
    0.07449348
    0.04986672
    0.04192689
    0.04319115
    0.03725065
    0.06291843
    0.06104130
    0.04867372
    0.04949610
    0.04551402
    0.04723609
    0.04603420
    0.03613409
    0.04264859
    0.03984049
    0.06315282
    0.06278083
    0.05869460
    0.06442015
    0.06323306
    0.04116342
    0.04540546
    0.05778072
    0.05364789
    0.06414709
    0.05276654
    0.05392757
    0.06005502
    0.03256222
    0.04605518
    0.04497653
    0.07098447
    0.04928848
    0.04852676
    0.04568571
    0.05944858
    0.05775184
    0.05041820
    0.04132193
    0.05923626
    0.06063272
    0.05076089
    0.03875052
    0.06015274
    0.05701451
    0.05002846
    0.06290840
