           1           2  0.97834377045585974     
           2           3   1.0901873233947188     
           3           4   1.3602284252582046     
           4           5   1.4484905125182157     
           5           6   1.3900974658527754     
           6           7   1.0433858111782603     
           7           8   1.3950031746521048     
           8           9   1.4342930151782320     
           9          10   1.4294203550883009     
           8          11  0.10078737985732783     
          10          11   1.3470552486462519     
           7          12   1.3314351030686757     
          11          12   1.4087850088936744     
          12          13  0.88773305173756500     
          13          14   1.2869037632110416     
          14          15  0.95367717019495690     
          15          16   1.2893106890009616     
          16          17  0.96644871856202053     
          17          18   1.2840711162117509     
          18          19   1.5579639160176995     
          19          20   1.2766980589374957     
          20          21   1.2828183547037983     
          21          22   1.5537239761807413     
          22          23   1.3212669619742112     
          21          24  0.11718796780275892     
          23          24   1.5556392097318361     
          20          25   1.2443981041488246     
          24          25   1.2776496124796033     
          17          26   1.5185057816172374     
          19          26  0.11071029874876301     
          25          26   1.2757200490714327     
          14          27   1.1855034443935180     
          27          28  0.94425179408215532     
          28          29   1.0061212666340258     
          28          30   1.0057449287304943     
          27          31  0.92899491300961667     
          31          32   1.0015780962232350     
          31          33   1.0056974994929013     
          14          34   1.2846531153775562     
          34          35  0.87884073834507215     
          35          36   1.3379105174110908     
          36          37   1.0417863191991157     
          37          38   1.3736795250412714     
          38          39   1.4789464906496619     
          39          40   1.3369864704356380     
          40          41   1.0850054218770666     
          41          42  0.97749674635684269     
          40          43   1.3592404494839920     
          37          44   1.3837218012872172     
          39          44  0.10368326745451047     
          43          44   1.4570797965291629     
          36          45   1.3913349634916590     
          45          46   1.4366651550286065     
          46          47   1.4264660753583080     
          35          48   1.4013264311242051     
          45          48  0.10057834328647630     
          47          48   1.3493880546705557     
          11          49  0.99079354201030700     
          48          49  0.98649396281899027     
          49          50  0.95525082941187589     
          10          51   1.0161988288196750     
          50          51   1.0019539096181114     
          49          52  0.95876381355692231     
          47          53   1.0155381087339843     
          52          53   1.0025926780286312     
           6          54   1.3530361030807214     
           3          55   1.3312931687168756     
           5          55  0.10247501723585663     
          54          55   1.4859710686941283     
           1          56  0.97828840245459869     
           1          57  0.97611602588973267     
           1          58  0.97648682036687307     
           4          59  0.96520412484769791     
           5          60  0.96801845594601110     
           8          61  0.96589791969520178     
           9          62  0.96588199326235558     
          18          63  0.96635866314167063     
          19          64  0.96499336377704936     
          21          65  0.96701349647981194     
          22          66  0.96984671030824410     
          23          67  0.96981979696386489     
          24          68  0.96802946339501683     
          26          69  0.94551259996230508     
          28          70  0.94239041954438485     
          29          71  0.97921562186968891     
          29          72  0.98059322107413727     
          29          73  0.97828163722831529     
          30          74  0.98078758799599153     
          30          75  0.97874752678413723     
          30          76  0.95934653824886684     
          31          77  0.94524101086556855     
          32          78  0.98028565320581684     
          32          79  0.97947872065045871     
          32          80  0.97987345312173280     
          33          81  0.97987324039664969     
          33          82  0.97947454804775747     
          33          83  0.98004032449369882     
          38          84  0.94968239996413084     
          39          85  0.96662289514242816     
          42          86  0.97617599239259656     
          42          87  0.97860656572173643     
          42          88  0.97623693840329429     
          43          89  0.96460266775668124     
          44          90  0.96765528118263255     
          45          91  0.96558161921316721     
          46          92  0.96622790300648176     
          50          93  0.97726694026016980     
          50          94  0.97870198680193177     
          51          95  0.96622886216292070     
          51          96  0.95575610105337461     
          52          97  0.97738604760712311     
          52          98  0.97880531549473226     
          53          99  0.95649244575999393     
          53         100  0.96530192118740765     
          54         101  0.96014851555265190     
          55         102  0.96580233554997308     
