    0.03089078
   -0.25196869
    0.15056201
   -0.05539697
   -0.03690738
   -0.00524086
   -0.00710471
   -0.03917883
   -0.04074856
    0.00835103
   -0.02015987
    0.11177143
   -0.26808930
    0.51734680
    0.00406647
   -0.08996200
    0.05278277
   -0.03937031
   -0.02086104
   -0.04639888
    0.18574236
   -0.19805629
   -0.05007355
   -0.15846905
    0.04901406
   -0.12724639
   -0.11906429
    0.04919384
   -0.11949031
   -0.12172185
   -0.25307825
    0.11291387
   -0.00776181
   -0.00399627
   -0.03422664
   -0.06659098
    0.14968044
   -0.25611071
    0.03231469
   -0.05355825
   -0.03365158
   -0.03510068
   -0.03777205
    0.01233610
   -0.01706947
    0.02526386
   -0.05864429
   -0.06449548
   -0.05995848
   -0.06448357
   -0.03453780
   -0.06763323
    0.04470430
    0.04939677
    0.07441357
    0.05979544
    0.04648312
    0.06378481
    0.05957358
    0.06061466
    0.06980892
    0.08260767
    0.07385757
    0.05047849
    0.06090455
    0.06549256
    0.05009626
    0.05022295
    0.06597847
    0.06036165
    0.05819961
    0.04597693
    0.06163741
    0.06199025
    0.06262288
    0.05974177
    0.05672273
    0.03585918
    0.04385395
    0.04988319
    0.07789799
    0.04133060
    0.05196905
    0.04437556
    0.06375814
    0.06185274
    0.03900662
    0.05120558
    0.05844939
    0.06078338
    0.04023631
    0.05194498
    0.05981962
    0.06192058
    0.03774332
    0.04459105
