           1           2  0.97731737835317045     
           2           3   1.0939675890237834     
           3           4   1.3260459414205394     
           4           5   1.4965403358423630     
           5           6   1.3486435671840302     
           6           7   1.0598338527600486     
           7           8   1.3842152740994345     
           8           9   1.4388315277070405     
           9          10   1.4255704262140290     
           8          11  0.10079327375949221     
          10          11   1.3475248657546972     
           7          12   1.3315357618624601     
          11          12   1.4067896545246708     
          12          13  0.86472334517434102     
          13          14   1.3060420940342274     
          14          15  0.94686228367151404     
          15          16   1.1608940499731004     
          16          17  0.99902666413561836     
          17          18   1.3959022061684476     
          18          19   1.4339083716877015     
          19          20   1.4405945767068007     
          20          21   1.3827138905557881     
          21          22  0.98201580660809007     
          17          23   1.3890514910309710     
          19          23  0.10700889777797355     
          21          23   1.3973274858881144     
          14          24   1.2661438904751854     
          15          24  0.10217118248330957     
          24          25  0.93945610601099760     
          25          26   1.0029554117552824     
          25          27   1.0029518660693906     
          24          28  0.93089666959174799     
          28          29   1.0017640220819577     
          28          30   1.0079837326904673     
          14          31   1.3088667363692148     
          31          32  0.87977571490934059     
          32          33   1.3352196158913272     
          33          34   1.0507184781849439     
          34          35   1.3907251907510163     
          35          36   1.4466237553706383     
          36          37   1.3636947822443273     
          37          38   1.0905939665074211     
          38          39  0.97649688258605849     
          35          40  0.10088242184388742     
          37          40   1.3265805191873894     
          34          41   1.3529507709127988     
          40          41   1.4931697238528614     
          33          42   1.3863549667606054     
          42          43   1.4405863788116080     
          43          44   1.4247946102763041     
          32          45   1.4047087309296526     
          42          45  0.10106234023370027     
          44          45   1.3493829780912903     
          11          46  0.98584433245699232     
          45          46  0.99198660352313772     
          46          47  0.95952640629539343     
          10          48   1.0153382167181109     
          47          48   1.0023861355121482     
          46          49  0.95281373125588198     
          44          50   1.0166368398447658     
          49          50   1.0022853759220793     
           6          51   1.3799961350198642     
           3          52   1.3582976663496380     
          51          52   1.4552045475173405     
           1          53  0.97642647846532760     
           1          54  0.97611297376351458     
           1          55  0.97839007821513713     
           4          56  0.96649909931689271     
           5          57  0.96421442535840451     
           8          58  0.96294554153857603     
           9          59  0.96579263186567066     
          18          60  0.92845703513295563     
          19          61  0.96522716187447721     
          20          62  0.96337424083820122     
          23          63  0.96176336490227077     
          25          64  0.93652158312695033     
          26          65  0.98067719240012730     
          26          66  0.97978879411478514     
          26          67  0.97304754822081185     
          27          68  0.98242292376056928     
          27          69  0.97569373150355321     
          27          70  0.97666925353637890     
          28          71  0.94903910143387171     
          29          72  0.98174875051857424     
          29          73  0.98091268791649489     
          29          74  0.98048983805939516     
          30          75  0.97888521313822296     
          30          76  0.97729781717884445     
          30          77  0.97964926298492483     
          35          78  0.96673224174420103     
          36          79  0.96530296757435008     
          39          80  0.97615190780336547     
          39          81  0.97784562001933661     
          39          82  0.97627828669809791     
          40          83  0.96679356536417838     
          41          84  0.96511071493149825     
          42          85  0.96490375561659170     
          43          86  0.96565232182980509     
          47          87  0.97863754674655867     
          47          88  0.97747357371565635     
          48          89  0.96435212169337214     
          48          90  0.95677189982622635     
          49          91  0.97864956215621324     
          49          92  0.97682117160747839     
          50          93  0.96590517644619345     
          50          94  0.95514185170885801     
          51          95  0.96759696306224252     
          52          96  0.96521043520794469     
