   -0.03914581
   -0.12529459
    0.05411108
   -0.04888797
   -0.03114114
    0.01297925
   -0.03000574
   -0.02328334
   -0.02413108
   -0.03408327
    0.01205954
   -0.01041039
   -0.01111459
    0.05441143
   -0.05150428
   -0.03389513
    0.01159306
   -0.03104454
   -0.02253372
   -0.02247844
   -0.03198009
    0.01199062
   -0.12967330
   -0.03030883
    0.32135900
   -0.06877133
   -0.05480696
    0.03752762
   -0.03211146
   -0.02389394
   -0.02332849
   -0.02394744
   -0.03199409
   -0.15624401
    0.03777829
   -0.07010877
   -0.06084960
   -0.06527423
   -0.06057480
   -0.07003808
    0.04382361
   -0.06268535
   -0.06018109
   -0.06280016
   -0.05991175
   -0.07028219
    0.07618077
    0.06842507
    0.05666234
    0.04516609
    0.05410583
    0.04819655
    0.04944434
    0.04492956
    0.03473472
    0.03944438
    0.05050953
    0.04696307
    0.05011578
    0.04752615
    0.03819273
    0.05222995
    0.06161060
    0.06850770
    0.04687805
    0.05290019
    0.05698471
    0.05666200
    0.05102123
    0.06121523
    0.03978847
    0.04990438
    0.04370698
    0.04942151
    0.04989441
    0.04332276
    0.04758466
    0.04302585
    0.03696358
    0.05025043
    0.05195403
    0.03832537
    0.03493550
    0.04647710
    0.04250953
    0.04831939
    0.03781442
    0.04491185
    0.04357686
    0.04401514
    0.04577769
