           1           2  0.97068729952917510     
           2           3  0.97721521567890579     
           3           4   1.2825803306069885     
           4           5   1.5577657518142591     
           5           6   1.2723776663792878     
           6           7   1.2804191986253308     
           7           8   1.5545629436523316     
           8           9   1.3230937348458029     
           7          10  0.11738375592330451     
           9          10   1.5515019120350151     
           6          11   1.2545218026575495     
          10          11   1.2824392576758101     
           3          12   1.4552837391536326     
           5          12  0.10516713512257782     
          11          12   1.2314411709826123     
          12          13   1.0291178471572544     
          13          14   1.4494960797398408     
          14          15   1.2767971735285761     
          13          16  0.10591855823417565     
          15          16   1.5558187096235250     
          16          17   1.2733657944247214     
          17          18   1.2805984350704449     
          18          19   1.5544387087752318     
          19          20   1.3230564416033617     
          18          21  0.11744023324127421     
          20          21   1.5523208561092059     
          13          22   1.2327563137941775     
          17          22   1.2539436446103731     
          21          22   1.2847930809727222     
          14          23  0.98358746126980856     
          23          24  0.97284510485956832     
           2          25   1.1945168563096107     
          23          25   1.1907801921846253     
          25          26  0.96697463159127017     
          26          27   1.1655849954175388     
          27          28  0.98023117322512177     
          28          29   1.4030482280989236     
          29          30   1.4388302473807657     
          28          31  0.10238893608822686     
          30          31   1.4384983905953648     
          29          32  0.10850803391753049     
          31          32   1.4327665113255306     
          28          33   1.4039692935111612     
          30          33  0.10960833571067843     
          32          33   1.4434375565461641     
          25          34   1.2634843192886678     
          34          35  0.93025396028678131     
          35          36  0.99490160005979877     
          36          37   1.0018589609092454     
          37          38   1.0099221698907397     
          38          39   1.0096559000635932     
          35          40  0.99395227898648952     
          39          40   1.0022464397395734     
          34          41  0.91985779569236381     
          41          42  0.99284141869912379     
          42          43   1.0026536159337922     
          43          44   1.0099676791878429     
          44          45   1.0102100261639426     
          41          46  0.99734458752994759     
          45          46  0.99904980542309563     
           1          47  0.97683634657580132     
           1          48  0.96417188238061646     
           1          49  0.97199751835213111     
           4          50  0.96263364308717225     
           5          51  0.96616333479937455     
           7          52  0.96699163430785506     
           8          53  0.96946958510708836     
           9          54  0.96990671089543290     
          10          55  0.96524823513773228     
          15          56  0.96156388144033800     
          16          57  0.96619113409645752     
          18          58  0.96712967718486853     
          19          59  0.96942551570972890     
          20          60  0.96967475080429455     
          21          61  0.96538640870435799     
          24          62  0.97023269874507490     
          24          63  0.96131946793702583     
          24          64  0.97689253994897707     
          29          65  0.96392670715875794     
          30          66  0.96796148753711575     
          31          67  0.96889650939498184     
          32          68  0.96751827618372321     
          33          69  0.96614190648847265     
          35          70  0.95414487935074266     
          36          71  0.97258011573752801     
          36          72  0.95442091501296844     
          37          73  0.97544515654187003     
          37          74  0.97524017214222547     
          38          75  0.97509824057843697     
          38          76  0.97626703697530182     
          39          77  0.97546112936866158     
          39          78  0.97520036198113447     
          40          79  0.97077504669791703     
          40          80  0.95140514297017531     
          41          81  0.95608954860127071     
          42          82  0.97220162923855324     
          42          83  0.96521843909053562     
          43          84  0.97539009746921135     
          43          85  0.97621811701369876     
          44          86  0.97505087857982187     
          44          87  0.97557872961242464     
          45          88  0.97591662517353994     
          45          89  0.97604230599499009     
          46          90  0.96646001290183359     
          46          91  0.94959776350727421     
