    0.02894382
   -0.24449930
    0.15128576
   -0.06916690
    0.01950217
   -0.11395638
    0.00116911
   -0.05755421
   -0.07987773
    0.28998564
   -0.13708191
   -0.03844255
    0.08481977
   -0.12992485
   -0.12493003
   -0.12372512
   -0.12428471
   -0.04066899
    0.05153829
   -0.04427090
   -0.02988186
    0.01487629
   -0.02986517
   -0.02295873
   -0.02401858
   -0.03232020
    0.01312008
   -0.00696065
   -0.01101068
    0.05133171
   -0.05507952
   -0.03405996
    0.01193722
   -0.03083248
   -0.02247085
   -0.02262451
   -0.03258966
    0.01179036
   -0.12983514
   -0.02993709
    0.01397587
   -0.10986261
   -0.08278227
    0.04684241
    0.07714368
    0.05126281
    0.06705714
    0.05759685
    0.06265407
    0.05973170
    0.05453626
    0.06784482
    0.07200288
    0.06208788
    0.05790410
    0.07153285
    0.05050417
    0.04716539
    0.06555276
    0.06837868
    0.05615646
    0.05123023
    0.05918091
    0.07096101
    0.06857345
    0.04202583
    0.05492098
    0.04862121
    0.04973600
    0.04602096
    0.03897567
    0.03993850
    0.05139305
    0.04707761
    0.05009613
    0.04739508
    0.03855325
    0.07353227
    0.04802741
    0.06251825
    0.04823533
    0.05814833
    0.05075724
    0.04932381
