           1           2  0.97531375939788001     
           2           3   1.1037851901869278     
           3           4   1.3284920631404868     
           4           5   1.4537293753239362     
           5           6   1.0320619296476161     
           5           7   1.3392231303518960     
           7           8   1.0006682236886109     
           8           9   1.1361223661917368     
           9          10  0.98325866174169962     
          10          11   1.2343679420207432     
          11          12  0.96920783883052097     
          11          13  0.92197685969153964     
          13          14  0.99863849177004227     
          13          15  0.99518050912229672     
          13          16  0.99503937817097410     
          10          17   1.2246478327251000     
          17          18  0.97343204815823858     
          17          19  0.95989278218915108     
          19          20   1.2896883001637831     
          20          21   1.5539022603797337     
          21          22   1.2738974495426814     
          22          23   1.2802991040357969     
          23          24   1.5550521534557900     
          24          25   1.3226711133170395     
          23          26  0.11759513659912436     
          25          26   1.5525164436244008     
          22          27   1.2539701813022688     
          26          27   1.2834690353779508     
          19          28   1.4554577945496170     
          21          28  0.10610354290334818     
          27          28   1.2332715187412366     
          28          29   1.0316281125447309     
          29          30   1.4498098218887177     
          30          31   1.2820778101559667     
          29          32  0.10579266518487480     
          31          32   1.5552690534469691     
          32          33   1.2747537996687246     
          33          34   1.2796857641683725     
          34          35   1.5553567531902581     
          35          36   1.3222734906888105     
          34          37  0.11750820710925637     
          36          37   1.5531852452689419     
          29          38   1.2346196505990323     
          33          38   1.2538785349687513     
          37          38   1.2835628973644766     
          10          39   1.1922664472089788     
          30          39  0.98326126216846688     
          39          40  0.97296521108510969     
           7          41   1.3634081650982222     
          41          42   1.0302013501307969     
           3          43   1.3528991464891547     
          41          43   1.4224369553870253     
           1          44  0.97619963243269914     
           1          45  0.97803064617253721     
           1          46  0.97583902136171963     
           4          47  0.96263201705767010     
           6          48  0.95943486897515973     
           6          49  0.97788563881871426     
           6          50  0.97251390214854938     
          12          51  0.97676279856033932     
          12          52  0.95655084322484296     
          12          53  0.97234842210009154     
          14          54  0.94658675525160496     
          14          55  0.98003549359535258     
          14          56  0.97776782233936954     
          15          57  0.97030776339047353     
          15          58  0.98270622057193102     
          15          59  0.98019906235829801     
          16          60  0.97775623389155641     
          16          61  0.98223948802941563     
          16          62  0.98194704297993096     
          18          63  0.97597720236028418     
          18          64  0.97647031036666221     
          18          65  0.97005295170173333     
          20          66  0.96321967682464582     
          21          67  0.96608397572579985     
          23          68  0.96695690154049840     
          24          69  0.96943152571615210     
          25          70  0.96982868350852103     
          26          71  0.96516434910776483     
          31          72  0.96445668340756052     
          32          73  0.96628106725798157     
          34          74  0.96709372175095121     
          35          75  0.96941077065592751     
          36          76  0.96968594890175952     
          37          77  0.96515169867995865     
          40          78  0.97631705606687036     
          40          79  0.97393075049711963     
          40          80  0.96310977353588245     
          42          81  0.98182278428732905     
          42          82  0.96231108122325537     
          42          83  0.96815087733975846     
          43          84  0.96162676280415016     
