   -0.10747263
    0.01891700
   -0.03458845
   -0.02472024
   -0.02666082
   -0.03075437
    0.03386430
   -0.07006484
   -0.04557449
    0.25106441
   -0.14469328
    0.05569751
   -0.11906158
   -0.11632256
    0.05218901
   -0.11900683
   -0.12289653
   -0.12974064
   -0.03217842
    0.05442186
   -0.04921506
   -0.03263752
    0.01269959
   -0.03108850
   -0.02262863
   -0.02266527
   -0.03120616
    0.01313037
   -0.00720178
   -0.00940702
    0.05367100
   -0.05135913
   -0.03467121
    0.01180500
   -0.03095362
   -0.02252086
   -0.02274109
   -0.03197983
    0.01159674
   -0.12061361
   -0.03091875
    0.06212419
    0.06098469
    0.06755858
    0.05464701
    0.05567072
    0.05192422
    0.04605920
    0.05034733
    0.04440476
    0.05598949
    0.06375457
    0.05870988
    0.06340916
    0.04621728
    0.05667859
    0.05872621
    0.05467722
    0.06334410
    0.04420868
    0.06451253
    0.06078684
    0.06890931
    0.07398677
    0.04636016
    0.03554240
    0.04694741
    0.04400928
    0.04961496
    0.04762417
    0.03862314
    0.04338793
    0.05175680
    0.04714086
    0.05010794
    0.04701712
    0.03706128
    0.07605839
    0.04808743
    0.06951631
