           1           2   1.0313780930458500     
           2           3   1.4005546073917010     
           3           4   1.4480837429944777     
           2           5  0.10441033484049760     
           4           5   1.4268482787469721     
           3           6  0.10787124571335417     
           5           6   1.4426376860699148     
           2           7   1.3774092713121253     
           6           7   1.3948270060209367     
           7           8  0.97491094886651197     
           8           9   1.2188951083427499     
           9          10  0.97578459141902085     
          10          11   1.2523566116654559     
          11          12  0.93322214567402628     
          12          13   1.0004911236323497     
          12          14   1.0041763382350390     
          11          15  0.94676304366811292     
          15          16   1.0050567990499515     
          15          17   1.0028440953414883     
          10          18   1.1945550579229642     
          18          19  0.97546502728637363     
          18          20  0.97426595709960562     
          20          21   1.2888121925675373     
          21          22   1.5511862763342568     
          22          23   1.2736582784077142     
          23          24   1.2792953761494450     
          24          25   1.5557844736132054     
          25          26   1.3219417611813686     
          24          27  0.11743685800837851     
          26          27   1.5533817357297335     
          23          28   1.2541338798130783     
          27          28   1.2841022661121406     
          20          29   1.4513569580839476     
          22          29  0.10669832782633434     
          28          29   1.2335004130698881     
          29          30   1.0331839518769883     
          30          31   1.4513058708300715     
          31          32   1.2849289528159795     
          30          33  0.10594965541826293     
          32          33   1.5547715603346703     
          33          34   1.2740942746350434     
          34          35   1.2804317018153060     
          35          36   1.5547190096408077     
          36          37   1.3228699231777432     
          35          38  0.11749435954456899     
          37          38   1.5525343953216468     
          30          39   1.2334230160621571     
          34          39   1.2538491948830788     
          38          39   1.2845290971945276     
          10          40   1.2066715881630723     
          31          40  0.97032255285684765     
          40          41  0.97333564420583352     
           1          42  0.95217772718427340     
           1          43  0.94971553171646017     
           1          44  0.97452177312675448     
           3          45  0.96569303638935733     
           4          46  0.96845541913301991     
           5          47  0.96720679418695477     
           6          48  0.96613434924865738     
          12          49  0.93736421198909969     
          13          50  0.97674482746934455     
          13          51  0.98182723280801665     
          13          52  0.98010019859786113     
          14          53  0.97691111350490023     
          14          54  0.97839972652797380     
          14          55  0.97486512185013485     
          15          56  0.92079468934348740     
          16          57  0.97599396408102568     
          16          58  0.98229876477436162     
          16          59  0.97907617461301888     
          17          60  0.97461492762785751     
          17          61  0.98005061709013397     
          17          62  0.97978763568026195     
          19          63  0.96076214302804086     
          19          64  0.97647876500633224     
          19          65  0.96864378002740492     
          21          66  0.96338071662161928     
          22          67  0.96590521979021415     
          24          68  0.96695609005834360     
          25          69  0.96945497839283257     
          26          70  0.96969268728088076     
          27          71  0.96541128798427334     
          32          72  0.96238269586869640     
          33          73  0.96618736826649532     
          35          74  0.96713108218532928     
          36          75  0.96942534895788512     
          37          76  0.96971895676732700     
          38          77  0.96553779305458154     
          41          78  0.97679924910904048     
          41          79  0.97367567201482208     
          41          80  0.96046542678648883     
