   -0.11789604
    0.05597084
   -0.12372491
   -0.14192271
    0.05162242
   -0.12289229
   -0.11709325
    0.25139322
   -0.03451637
   -0.05757648
    0.04896789
   -0.02658823
   -0.01352204
   -0.02064861
   -0.01982348
   -0.03360376
    0.48718383
   -0.18523245
   -0.17938762
   -0.20017993
   -0.11723692
   -0.03473935
    0.04946682
   -0.05623370
   -0.04213761
    0.01150991
    0.01157671
   -0.01345532
   -0.01020912
    0.05089822
   -0.05430428
   -0.04216325
    0.00669112
    0.00899269
   -0.06132873
   -0.05831655
   -0.05541236
   -0.06315069
   -0.12634689
   -0.03657709
   -0.06334164
   -0.05600498
   -0.05815856
   -0.06344766
    0.06649692
    0.05044531
    0.06125242
    0.05511189
    0.05084279
    0.06521355
    0.06633079
    0.05259943
    0.06044405
    0.04571288
    0.05989340
    0.04994984
    0.05915331
    0.05733410
    0.06501516
    0.07168935
    0.07411741
    0.07989736
    0.07735558
    0.06919202
    0.05464028
    0.04057477
    0.04917615
    0.04471731
    0.03779913
    0.04539449
    0.04817148
    0.04205918
    0.04105912
    0.03601311
    0.04538195
    0.05020416
    0.04114534
    0.06791211
    0.05419437
    0.07531506
    0.05263679
    0.04706473
    0.03859824
    0.03790792
    0.04211839
    0.03854063
    0.05513592
    0.04909102
