           1           2   1.0047687902388114     
           2           3   1.0027945262007012     
           2           4  0.94255520458863851     
           4           5  0.93272094218773205     
           5           6   1.0014839640276136     
           5           7   1.0053633753848636     
           4           8   1.2601577697804691     
           8           9  0.94713574896527819     
           9          10   1.2245003387124012     
          10          11   1.0021758081924630     
          11          12   1.3810773713419848     
          12          13   1.4548800696395645     
          13          14   1.4189975395230050     
          12          15  0.10730026297349896     
          14          15   1.4502704779776527     
          11          16   1.3798950624501294     
          13          16  0.10055590204981218     
          15          16   1.3962320645604360     
          16          17  0.95414476434900419     
          17          18  0.97271481895846390     
          17          19  0.93304174601715628     
          17          20  0.92590091909794980     
           8          21   1.2301868522655213     
          21          22  0.97172492683857570     
          21          23  0.96340776227027214     
          23          24   1.3792058921707040     
          24          25   1.4499312979416479     
          25          26   1.3974806877320285     
          26          27   1.3912960171777218     
          23          28   1.3659650596620647     
          27          28   1.3591484680711816     
          28          29   1.0189403146574123     
          29          30   1.3517114858212331     
          30          31   1.3944041914419663     
          31          32   1.4344607740647595     
          32          33   1.4141404314316508     
          29          34   1.3747860132138887     
          31          34  0.10013881016619304     
          33          34   1.3692121381964601     
          34          35   1.0219760325354845     
          35          36  0.98894537219867029     
          36          37   1.0073307804924878     
          33          38   1.0202874545732377     
          37          38  0.99150084992496312     
           8          39   1.1892592001405184     
          30          39  0.96747348696058966     
          39          40  0.97280785647056867     
          27          41   1.0146961160098193     
          41          42   1.0062059351243500     
          42          43   1.0094264519638310     
          26          44   1.0144706913579262     
          43          44   1.0072888155777369     
           1          45  0.97827678567726606     
           1          46  0.97998936386889934     
           1          47  0.97542517193807965     
           2          48  0.91654712129822113     
           3          49  0.97258625431218837     
           3          50  0.97964463522536804     
           3          51  0.97821620129720577     
           5          52  0.93491998482326077     
           6          53  0.98044028427297392     
           6          54  0.97929925541974594     
           6          55  0.97995493773119324     
           7          56  0.98197168059521278     
           7          57  0.97988292202877036     
           7          58  0.97848125272028608     
          12          59  0.96241433279903621     
          13          60  0.96451059824271979     
          14          61  0.96600502169126745     
          15          62  0.96238372086053237     
          22          63  0.97688691133205285     
          22          64  0.95930864242964997     
          22          65  0.97329565724003075     
          24          66  0.96287956272645137     
          25          67  0.96736699820584460     
          31          68  0.96194361567927444     
          32          69  0.96780808220993497     
          35          70  0.97201615944757735     
          35          71  0.95432271513090206     
          36          72  0.98043623057040397     
          36          73  0.97760080154648865     
          37          74  0.98064044625799651     
          37          75  0.97674827647444662     
          38          76  0.95576152431230921     
          38          77  0.97496996126758972     
          40          78  0.96496585973109694     
          40          79  0.96906411663905001     
          40          80  0.97663540514148850     
          41          81  0.96051846069461988     
          41          82  0.95259722612794961     
          42          83  0.97691396370067884     
          42          84  0.97606863742314542     
          43          85  0.97661959970835022     
          43          86  0.97732044547243757     
          44          87  0.95368168116117491     
          44          88  0.96625571187070913     
