   -0.12382798
    0.00347579
   -0.15029811
    0.08059895
   -0.06617151
   -0.01474288
   -0.06756838
   -0.01344431
   -0.06639096
   -0.01291391
   -0.06714738
   -0.06861472
   -0.06123682
    0.30270994
   -0.07070180
   -0.05519042
    0.03779258
   -0.03200508
   -0.02389100
   -0.02313338
   -0.02386522
   -0.03163747
   -0.12744438
   -0.03003970
    0.05393609
   -0.05148428
   -0.03381488
    0.01185203
   -0.03093857
   -0.02234351
   -0.02237260
   -0.03183230
    0.01218286
   -0.01034909
   -0.01014806
    0.05453181
   -0.04816528
   -0.03128724
    0.01285247
   -0.03012190
   -0.02317354
   -0.02399082
   -0.03394580
    0.01200333
   -0.11776165
   -0.03940596
    0.05993968
    0.05321328
    0.06763283
    0.06706021
    0.05906143
    0.04594543
    0.03628667
    0.04238263
    0.04891572
    0.03867322
    0.03845198
    0.04818639
    0.03258835
    0.03521531
    0.04916985
    0.03698037
    0.03994527
    0.04415953
    0.02594701
    0.03531379
    0.04688171
    0.05242729
    0.05696916
    0.05695040
    0.05188216
    0.06124826
    0.05174100
    0.06943398
    0.03880709
    0.05105032
    0.04735671
    0.05055082
    0.04794556
    0.03862458
    0.04558155
    0.05433927
    0.04829972
    0.04963219
    0.04514703
    0.03495836
    0.07472780
    0.05634469
    0.07349641
