           1           2   1.0155047677104889     
           2           3  0.95303953089088089     
           3           4  0.90308213835347384     
           4           5  0.98343371804091162     
           5           6  0.98872960856500081     
           6           7  0.99874248925083942     
           7           8  0.99834466400530475     
           8           9  0.99864627913073933     
           9          10  0.99884733845997964     
           6          11  0.99916965896152465     
          10          11  0.99819998482357974     
           4          12  0.98812893230942789     
          10          12  0.98795220353984081     
           4          13  0.98402306918827653     
           8          13  0.99106895144899287     
           3          14   1.2597974994339802     
          14          15  0.98584749146238182     
          15          16   1.1618905289064789     
          16          17  0.97833524849607534     
          17          18   1.4050114054636085     
          18          19   1.4382127306980599     
          17          20  0.10254989920715608     
          19          20   1.4390032800029113     
          18          21  0.10860855598698231     
          20          21   1.4326414398395699     
          17          22   1.4044483118952167     
          19          22  0.10980024312501091     
          21          22   1.4435556307261788     
          14          23   1.1919108293430001     
          23          24  0.97293910154529861     
          23          25  0.98026134446192870     
          25          26   1.2763646836649070     
          26          27   1.5557879049017798     
          27          28   1.2733023012788447     
          28          29   1.2806678602275450     
          29          30   1.5543491546329331     
          30          31   1.3231184749488747     
          29          32  0.11739268050382197     
          31          32   1.5521712695272405     
          28          33   1.2539751214745982     
          32          33   1.2849519921021593     
          25          34   1.4505387513176677     
          27          34  0.10566522451924193     
          33          34   1.2324150294939686     
          34          35   1.0293732603740537     
          35          36   1.4574462568086923     
          36          37   1.2822986172238311     
          35          38  0.10477870442876723     
          37          38   1.5592871774269599     
          38          39   1.2715446997343200     
          39          40   1.2809292466917108     
          40          41   1.5539807209695589     
          41          42   1.3236304352189470     
          40          43  0.11739819208255123     
          42          43   1.5513419660497583     
          35          44   1.2291507202988941     
          39          44   1.2548834529974222     
          43          44   1.2829400803968305     
          14          45   1.2097856995685732     
          36          45  0.97519399888039371     
          45          46  0.96955740958942949     
           1          47  0.98142761784480559     
           1          48  0.97745333458338868     
           1          49  0.97897008288908682     
           2          50  0.95951869360378317     
           2          51  0.94697532194689682     
           5          52  0.96884552485921560     
           5          53  0.97101150006353865     
           6          54  0.96621006537369269     
           7          55  0.97377808500067198     
           7          56  0.97505700465989575     
           8          57  0.96674735257721589     
           9          58  0.97381584793534337     
           9          59  0.97361343214057250     
          10          60  0.96718906575430219     
          11          61  0.97342149249473298     
          11          62  0.97509219269040170     
          12          63  0.93979108912798415     
          12          64  0.96427440735957837     
          13          65  0.96468940516297785     
          13          66  0.97047770193864291     
          18          67  0.96357384661427581     
          19          68  0.96802837088128646     
          20          69  0.96889456869573998     
          21          70  0.96748195848269303     
          22          71  0.96632592428725628     
          24          72  0.96129465001000625     
          24          73  0.96999096704890575     
          24          74  0.97686969876490859     
          26          75  0.96238596364857498     
          27          76  0.96612196256999805     
          29          77  0.96708296298316676     
          30          78  0.96937697569827186     
          31          79  0.96963657166698436     
          32          80  0.96534877526939178     
          37          81  0.96229418259437227     
          38          82  0.96611762112247090     
          40          83  0.96698279175709712     
          41          84  0.96945061495645013     
          42          85  0.96988280373557223     
          43          86  0.96529760702125955     
          46          87  0.97702389276291135     
          46          88  0.97153658059237258     
          46          89  0.96222781528946788     
