   -0.11285157
   -0.06281456
    0.04140534
   -0.12059646
   -0.15460233
    0.04264484
   -0.11996176
   -0.06465449
   -0.11097786
    0.50857531
   -0.04800114
   -0.05722067
    0.00980160
    0.01891866
   -0.11126749
   -0.06935115
    0.14917474
   -0.24666659
    0.02803155
   -0.08343496
    0.01783743
   -0.11768453
   -0.27105689
    0.10915948
    0.12649965
   -0.29487900
    0.03848299
   -0.05704069
    0.01367172
   -0.02832868
   -0.02004029
   -0.02142724
   -0.02866890
    0.00860293
   -0.01082941
   -0.00807936
    0.10562866
    0.12610307
   -0.26187011
    0.03131349
   -0.07573391
    0.01387934
   -0.03082330
   -0.01977638
   -0.02288374
   -0.02946986
    0.00468897
   -0.24424009
    0.05071877
    0.06039099
    0.03188367
    0.04557737
    0.05850626
    0.06455670
    0.04443355
    0.06480472
    0.05406732
    0.06400271
    0.05638416
    0.05324320
    0.06360723
    0.04646416
    0.04396099
    0.05255625
    0.04587515
    0.05050110
    0.06779483
    0.06380889
    0.06896172
    0.06673870
    0.04617357
    0.07697940
    0.05224373
    0.05153909
    0.05934639
    0.05321934
    0.06330229
    0.04519420
    0.07143056
    0.04031087
    0.07733379
    0.05544090
    0.05672867
    0.05357728
    0.04459400
    0.07452370
    0.05494805
    0.04817898
    0.06324121
    0.05084723
    0.05568638
    0.05274611
    0.04438948
