           1           2   1.0197079630985717     
           2           3  0.98745869419208343     
           3           4   1.0049421788539268     
           3           5  0.94024431459463731     
           5           6  0.94100699487410722     
           6           7   1.0051059798661863     
           6           8  0.98995820361268239     
           8           9   1.0156797647712736     
           5          10   1.2289803123133429     
           5          11  0.11747439525363709     
          10          11  0.90465076940703748     
          11          12   1.2430942032267194     
          12          13  0.97030141972027539     
          13          14   1.3459908755499712     
          14          15   1.0307541999649494     
          14          16   1.4493648364917007     
          16          17   1.3307033478984494     
          17          18   1.1001507207520562     
          18          19  0.97550652896383061     
          17          20   1.3563877770492965     
          13          21   1.3739746587893600     
          20          21   1.4164810680777502     
          21          22   1.0288667666677163     
          10          23   1.2652477698282678     
          23          24  0.90427154911754304     
          24          25   1.2487795352506172     
          25          26   1.0220219022229973     
          26          27  0.95613770823022881     
          25          28   1.4929525115387676     
          28          29   1.2794657187254070     
          29          30   1.2804401063177342     
          30          31   1.5538867592097310     
          31          32   1.3231475574081342     
          30          33  0.11670949875929361     
          32          33   1.5500836547372099     
          29          34   1.2493944868125071     
          33          34   1.2861321292001073     
          24          35   1.4634593494885300     
          28          35  0.10387651920154764     
          34          35   1.2323629301771728     
          35          36   1.0325337939309616     
          36          37   1.4739481152628535     
          37          38   1.2261750819662531     
          38          39   1.0670278045692605     
          39          40  0.97068203924584728     
          38          41   1.4683198973047153     
          41          42   1.2766516940830133     
          42          43   1.2818646085745928     
          43          44   1.5522261105759669     
          44          45   1.3245493385507625     
          43          46  0.11645885086227559     
          45          46   1.5485080418976624     
          36          47   1.2246492628014278     
          42          47   1.2499790329317140     
          46          47   1.2889869838047339     
          10          48   1.2750043279732151     
          37          48  0.91028290170230641     
           1          49  0.98509965786226883     
           1          50  0.97996351565274864     
           1          51  0.98112584656634128     
           2          52  0.96791277986882818     
           2          53  0.96983197301728619     
           3          54  0.94639814368284902     
           4          55  0.96918028416657875     
           4          56  0.98038283843647078     
           4          57  0.98222904790030574     
           6          58  0.95130596199394235     
           7          59  0.97962124990879240     
           7          60  0.97802124384452027     
           7          61  0.97805049855478221     
           8          62  0.95623397565377288     
           8          63  0.96380131121693524     
           9          64  0.98232963224771253     
           9          65  0.98528084923415327     
           9          66  0.98482810471462134     
          15          67  0.97805484385613839     
          15          68  0.93257392912254500     
          15          69  0.96326461296096277     
          16          70  0.96250306969952093     
          19          71  0.97629614719853608     
          19          72  0.97803024011730300     
          19          73  0.97593361378025123     
          20          74  0.96114731024850852     
          22          75  0.96210622323953743     
          22          76  0.98319334811503767     
          22          77  0.96687559116026678     
          27          78  0.98066032570454686     
          27          79  0.97865318092520348     
          27          80  0.97853657782032322     
          28          81  0.96146484559566170     
          30          82  0.96638471084870170     
          31          83  0.96873800919608288     
          32          84  0.96907546482696549     
          33          85  0.96541614129575171     
          40          86  0.97474315188195848     
          40          87  0.97682971517096473     
          40          88  0.97682275444917077     
          41          89  0.96048016864269481     
          43          90  0.96660147594962675     
          44          91  0.96883402406382868     
          45          92  0.96921654190118478     
          46          93  0.96418539629887701     
