   -0.11832026
    0.02918589
   -0.03726337
   -0.02970946
    0.02987142
   -0.03040778
   -0.07492086
    0.58759616
   -0.18144206
    0.04259831
   -0.12053717
   -0.12746756
    0.08329594
   -0.13699290
   -0.12187901
   -0.12538484
   -0.26005543
    0.10784646
   -0.00102441
   -0.11075193
   -0.03797444
   -0.03780045
    0.01087859
   -0.01803508
    0.02535224
   -0.05747465
   -0.06510351
   -0.05998637
   -0.06490371
    0.00958020
   -0.04056946
   -0.04068606
   -0.00241495
   -0.10859810
    0.11548570
   -0.01887074
   -0.27959982
   -0.03259067
   -0.03580489
    0.06911759
    0.05788029
    0.05555412
    0.05128579
    0.04464168
    0.07125433
    0.04746873
    0.06719109
    0.05042069
    0.05145922
    0.06032513
    0.06256105
    0.06926129
    0.06023902
    0.05765603
    0.05685008
    0.06689374
    0.05180890
    0.06981684
    0.05737857
    0.04207633
    0.06723419
    0.04607765
    0.06515576
    0.06347401
    0.06242318
    0.03691794
    0.05037672
    0.05970775
    0.06122191
    0.03944618
    0.05175768
    0.06077004
    0.05869825
    0.06054084
    0.05949730
    0.05213097
    0.05257863
    0.05973609
    0.05109342
    0.05489997
