           1           2   1.0343691966712802     
           2           3   1.4036104370367792     
           3           4   1.4459752613568313     
           4           5   1.4026995389230734     
           5           6  0.97794908963312277     
           6           7   1.1795331208755269     
           7           8  0.95476406047372397     
           8           9   1.2286244248931582     
           9          10  0.93122460620260683     
          10          11   1.0086257143186983     
          10          12   1.0037039446821432     
           9          13  0.92407967199732155     
          13          14  0.99552059799037129     
          13          15  0.99450647574745887     
          13          16  0.99803035862386114     
           8          17   1.2840080141814847     
          17          18  0.87644793855958902     
          18          19   1.3518527736505792     
          19          20   1.0302475377562401     
          19          21   1.4179044202041793     
          21          22   1.4271751413420957     
          19          23  0.10223642538271448     
          22          23   1.4349234772075232     
          18          24   1.4066945538398590     
          21          24  0.10330805763262797     
          23          24   1.3475908432586059     
          24          25  0.99009262489872396     
          25          26  0.95694669891204631     
          23          27   1.0155438597754864     
          26          27   1.0020876065304083     
          25          28  0.95573459675552330     
          28          29   1.0027663582115485     
          29          30   1.0158190522050337     
          30          31   1.4381746216904896     
          31          32   1.4234114025376714     
          30          33  0.10259477831906000     
          32          33   1.4228842409557256     
          33          34   1.0270162848127145     
          33          35   1.3507764355026717     
          25          36  0.98946368634009496     
          30          36   1.3446887196600801     
          32          36  0.10281903789924862     
          35          36   1.4073375250378952     
           8          37   1.2591014609278750     
          35          37  0.88040848711643915     
           3          38  0.10432513551234927     
           5          38   1.3987274198440973     
           2          39   1.3945959103185241     
           4          39  0.10400548582040685     
          38          39   1.4565097822891555     
           1          40  0.95777875487298447     
           1          41  0.97669114750661712     
           1          42  0.98081940415708790     
           3          43  0.96620538940916301     
           4          44  0.96578008936275339     
          10          45  0.94874771396511082     
          11          46  0.98271776936482413     
          11          47  0.97867744901002829     
          11          48  0.97291768000841805     
          12          49  0.97906390179451741     
          12          50  0.98123957582127730     
          12          51  0.97907543604652936     
          14          52  0.97646141428227429     
          14          53  0.97321435030639303     
          14          54  0.96102267875198155     
          15          55  0.97516656541433777     
          15          56  0.97671571765395115     
          15          57  0.97806383963584653     
          16          58  0.97879798868263934     
          16          59  0.98056586850999461     
          16          60  0.97683260345496592     
          20          61  0.96239091896895768     
          20          62  0.96249048784858138     
          20          63  0.98145710616189064     
          21          64  0.96572738319363827     
          22          65  0.96604710568345764     
          26          66  0.97679355954796676     
          26          67  0.97730187491159948     
          27          68  0.96548230753434083     
          27          69  0.95644345101348149     
          28          70  0.97867680854197603     
          28          71  0.97682703797756676     
          29          72  0.95598978307510463     
          29          73  0.96560137778998778     
          31          74  0.96615428323140873     
          32          75  0.96578624140216585     
          34          76  0.97012000810693000     
          34          77  0.95719301412816515     
          34          78  0.98194327366604295     
          38          79  0.96651540728596697     
          39          80  0.96621651308694545     
