   -0.10956973
    0.01467327
   -0.03495265
   -0.02616994
   -0.02934003
   -0.03676164
    0.02605326
   -0.05188085
   -0.06086796
    0.28535355
   -0.14125365
    0.04405510
   -0.12676783
   -0.12366292
    0.05075754
   -0.12154315
   -0.11749542
   -0.12607747
   -0.02817963
    0.05079535
   -0.05119930
   -0.03355708
    0.01309357
   -0.03049469
   -0.02177368
   -0.02227239
   -0.03210758
    0.01213285
   -0.00809617
   -0.00658880
    0.05215807
   -0.04416970
   -0.03025529
    0.01457154
   -0.03014978
   -0.02261330
   -0.02310051
   -0.03258369
    0.01250373
   -0.12398236
   -0.04032068
    0.05658370
    0.04681448
    0.05570858
    0.05271467
    0.05502104
    0.05297368
    0.04580106
    0.06546148
    0.05679149
    0.05255947
    0.06448690
    0.05279006
    0.05636346
    0.07065007
    0.05172402
    0.06577090
    0.05733660
    0.04960714
    0.05883861
    0.04302366
    0.06091604
    0.05488940
    0.06451740
    0.06028186
    0.04040288
    0.05263408
    0.04807727
    0.05123772
    0.04845237
    0.03961715
    0.04180780
    0.05550158
    0.04887552
    0.05069227
    0.04740088
    0.03833783
    0.06731238
    0.06790332
    0.06176120
