           1           2   1.0305289222518084     
           2           3   1.4103426517763158     
           3           4   1.4417465236928462     
           2           5  0.10418044450390272     
           4           5   1.4314169567500639     
           3           6  0.10655088148679485     
           5           6   1.4386208415011590     
           2           7   1.3640620808002306     
           6           7   1.4098404789090546     
           7           8  0.97963182738692323     
           8           9   1.1673350995990655     
           9          10  0.97723295951909150     
          10          11   1.2531306443172272     
          11          12  0.94153464552850352     
          12          13   1.0041338369628050     
          12          14   1.0078655052974608     
          11          15  0.93214220012023907     
          15          16   1.0036242595186877     
          15          17   1.0047301554869048     
          10          18   1.2229757072415117     
          18          19  0.97399706517341822     
          18          20  0.96913221884664280     
          20          21   1.2841847839781644     
          21          22   1.5569807390891377     
          22          23   1.2733510351496278     
          23          24   1.2807878099128693     
          24          25   1.5543065473208426     
          25          26   1.3232689782865656     
          24          27  0.11738482974470137     
          26          27   1.5520225533689831     
          23          28   1.2543192573886206     
          27          28   1.2849380166138158     
          20          29   1.4584825133771830     
          22          29  0.10499937518455398     
          28          29   1.2323946832461110     
          29          30   1.0328218737058987     
          30          31   1.4555869137168695     
          31          32   1.2890808836054402     
          30          33  0.10565104350923978     
          32          33   1.5528915806068779     
          33          34   1.2743192398703245     
          34          35   1.2803720958480105     
          35          36   1.5548267537840141     
          36          37   1.3227364230790331     
          35          38  0.11733412151853108     
          37          38   1.5519900608743655     
          30          39   1.2348951606257184     
          34          39   1.2531213920047557     
          38          39   1.2826331273036629     
          10          40   1.2288497864999113     
          31          40  0.95999897207301765     
          40          41  0.97416947636532669     
           1          42  0.96458608814416946     
           1          43  0.96503090870267316     
           1          44  0.98208260988209306     
           3          45  0.96533819723680925     
           4          46  0.96875972135762178     
           5          47  0.96770227159351618     
           6          48  0.96285412073468579     
          12          49  0.95279957870869048     
          13          50  0.96993418555667210     
          13          51  0.98093979777589790     
          13          52  0.98020385731168658     
          14          53  0.98137229530615866     
          14          54  0.96150849865710031     
          14          55  0.97836952005921163     
          15          56  0.93852613470082791     
          16          57  0.97831361229327052     
          16          58  0.97840438794436724     
          16          59  0.97823930218033206     
          17          60  0.98137800400719999     
          17          61  0.97875446024848112     
          17          62  0.98029969810166118     
          19          63  0.97137286943248302     
          19          64  0.97610833614903447     
          19          65  0.96373587984001130     
          21          66  0.96216351428601599     
          22          67  0.96612661081052231     
          24          68  0.96700218104400415     
          25          69  0.96929876510787483     
          26          70  0.96959637358925921     
          27          71  0.96513678941946557     
          32          72  0.96217339057995799     
          33          73  0.96603064380879511     
          35          74  0.96694388445363222     
          36          75  0.96934799979064223     
          37          76  0.96971336549657072     
          38          77  0.96534076492042065     
          41          78  0.97675318992796423     
          41          79  0.96180141177501255     
          41          80  0.97430032183053727     
