   -0.11004881
   -0.06601865
    0.04355175
   -0.05767287
   -0.11085960
   -0.15217361
    0.02865699
   -0.06696458
   -0.11040743
   -0.06439411
   -0.10993769
    0.29385998
   -0.05245102
   -0.05129948
    0.03698863
   -0.03157068
   -0.02341792
   -0.02266778
   -0.02386304
   -0.03155111
   -0.12020241
   -0.04032313
    0.05428008
   -0.04714391
   -0.03230623
    0.01239149
   -0.03068956
   -0.02317457
   -0.02400721
   -0.03348282
    0.01164727
   -0.00911218
   -0.00966507
    0.05142315
   -0.05230983
   -0.03528876
    0.01146220
   -0.03103362
   -0.02209370
   -0.02237103
   -0.03164540
    0.01168192
   -0.13330031
   -0.02760821
    0.04346561
    0.04647039
    0.05211365
    0.03928748
    0.05693732
    0.04522575
    0.02952805
    0.05012178
    0.03978284
    0.05190755
    0.05112710
    0.07686411
    0.03505897
    0.05570465
    0.05125967
    0.05337708
    0.04071636
    0.04094876
    0.04257010
    0.05083255
    0.04438450
    0.05304482
    0.04733792
    0.05241377
    0.05739030
    0.05741547
    0.05266177
    0.05663841
    0.07463142
    0.07147411
    0.04605555
    0.05393575
    0.04803731
    0.04960344
    0.04534948
    0.03557499
    0.04358846
    0.05137380
    0.04733016
    0.05084433
    0.04821072
    0.03896745
    0.06024287
    0.04869512
    0.06661115
