           1           2   1.0194913988558159     
           2           3  0.98564064898102011     
           3           4  0.99084035372167389     
           4           5   1.0159596415488914     
           3           6  0.93170670770840713     
           6           7  0.94139841798369617     
           7           8  0.98690429195056029     
           8           9   1.0167613975549361     
           7          10  0.99248978186300629     
          10          11   1.0162567407936742     
           6          12   1.2427829787984479     
          12          13  0.99772480303886180     
          13          14   1.1600705434376801     
          14          15  0.97735672948684726     
          15          16   1.4063085382646507     
          16          17   1.4377636419043243     
          15          18  0.10256173213811834     
          17          18   1.4393760834363210     
          16          19  0.10856351149276627     
          18          19   1.4323628565235915     
          15          20   1.4039552825767418     
          17          20  0.10984740540091435     
          19          20   1.4437209222831666     
          12          21   1.2204126380192357     
          21          22  0.97057018324050981     
          21          23  0.97528380197954556     
          23          24   1.2821683586991426     
          24          25   1.5613503542611165     
          25          26   1.2696367307913883     
          26          27   1.2820220676219314     
          27          28   1.5526765888766458     
          28          29   1.3247920755537952     
          27          30  0.11730734517705006     
          29          30   1.5506155516427862     
          26          31   1.2545267293178204     
          30          31   1.2851012843854286     
          23          32   1.4597154707915094     
          25          32  0.10361279055300480     
          31          32   1.2267448889444335     
          32          33   1.0328482219007020     
          33          34   1.4548403197934476     
          34          35   1.2822981621630309     
          33          36  0.10512103372270110     
          35          36   1.5555752186603515     
          36          37   1.2729478481635204     
          37          38   1.2809241399687672     
          38          39   1.5540580485267115     
          39          40   1.3234648272998712     
          38          41  0.11734768088562050     
          40          41   1.5517012809929784     
          33          42   1.2311664155650126     
          37          42   1.2543342125409249     
          41          42   1.2854661473322266     
          12          43   1.1998248863544567     
          34          43  0.96895504898020768     
          43          44  0.97473544623833974     
           1          45  0.98158389069191998     
           1          46  0.98297957515453915     
           1          47  0.98309888579097016     
           2          48  0.96719224844624085     
           2          49  0.96835528125156245     
           3          50  0.93301238820016485     
           4          51  0.96950145574968660     
           4          52  0.96719821560124464     
           5          53  0.98361149349918997     
           5          54  0.98473610312674842     
           5          55  0.98459057794893190     
           7          56  0.94841952664017959     
           8          57  0.96051133269991051     
           8          58  0.96526096325082800     
           9          59  0.98462010139448208     
           9          60  0.98350517532455006     
           9          61  0.98485759457186139     
          10          62  0.96985858935731206     
          10          63  0.96181044054535536     
          11          64  0.98392207032019341     
          11          65  0.98539542447574313     
          11          66  0.98431319657245109     
          16          67  0.96338109088580670     
          17          68  0.96802609359353353     
          18          69  0.96884929396510677     
          19          70  0.96744059464217980     
          20          71  0.96646681108245613     
          22          72  0.97296103510324428     
          22          73  0.97723737583461801     
          22          74  0.95781555959489539     
          24          75  0.96262865044195522     
          25          76  0.96617732706754167     
          27          77  0.96701206340461088     
          28          78  0.96945972640368039     
          29          79  0.96986839305809125     
          30          80  0.96543731377199182     
          35          81  0.96203446411916027     
          36          82  0.96603808056578988     
          38          83  0.96708698195180420     
          39          84  0.96934850572314057     
          40          85  0.96961238658670812     
          41          86  0.96535557526185367     
          44          87  0.96284193282838848     
          44          88  0.97183048274183514     
          44          89  0.97763444913464970     
