   -0.11343335
   -0.00311280
   -0.04225823
   -0.04050240
    0.00895608
   -0.02105290
    0.11017180
   -0.29198167
    0.59710388
   -0.05561032
   -0.00505380
    0.04486370
   -0.03033407
   -0.01977903
   -0.01832721
    0.48784567
   -0.21114759
   -0.19528637
   -0.19450783
   -0.01713118
   -0.02580253
   -0.17406615
    0.04270120
   -0.12243805
   -0.12741737
    0.08361562
   -0.12813662
   -0.12482244
   -0.13903442
   -0.25459073
    0.10752619
   -0.00162008
   -0.11440141
   -0.03900992
   -0.03850309
    0.00946210
   -0.01918804
    0.02468823
   -0.05931188
   -0.06601241
   -0.06077445
   -0.06455718
    0.06237113
    0.03964914
    0.07589005
    0.06484581
    0.06266567
    0.06717972
    0.07776529
    0.07899654
    0.06582715
    0.07288577
    0.04674677
    0.06818486
    0.05427166
    0.05190906
    0.06437421
    0.06286856
    0.04684395
    0.05878759
    0.07155639
    0.05181477
    0.06727788
    0.05777251
    0.05922298
    0.07604869
    0.06000761
    0.04628730
    0.07233839
    0.06522355
    0.06611646
    0.06322317
    0.03852339
    0.05271744
    0.06046547
    0.06238175
    0.03603423
    0.05331487
    0.05653567
    0.06334559
