           1           2   1.0269399323399748     
           2           3   1.4135689960775970     
           3           4   1.4324787124110161     
           2           5  0.10150570941526373     
           4           5   1.4286267782449831     
           3           6  0.10418797180747055     
           5           6   1.3534365429502853     
           2           7   1.3597186338778209     
           6           7   1.3957945900113538     
           7           8  0.87302616342839079     
           8           9   1.2475930222647007     
           9          10  0.93683677797547893     
          10          11   1.1844092691181696     
          11          12  0.99825168356613347     
          12          13   1.4034305517885746     
          13          14   1.4442881386853776     
          14          15   1.4088014574320455     
          15          16  0.94884124809882708     
          16          17  0.93193597787666671     
          16          18  0.95783408012541971     
          16          19  0.95992914974046317     
          13          20  0.10790566021709874     
          15          20   1.4105453343980656     
          12          21   1.3967669897237416     
          14          21  0.10811596219950462     
          20          21   1.4464506364488641     
           9          22   1.2609854929529654     
          22          23  0.92493903158208968     
          23          24   1.0090045446921030     
          23          25   1.0054648806352913     
          22          26  0.92247276885561780     
          26          27  0.99666482936563516     
          26          28  0.99181359813549919     
          26          29  0.99971668990606033     
           9          30   1.2976148877105822     
          30          31  0.87697482709689623     
          31          32   1.3604937785525595     
          32          33   1.0295573825939917     
          32          34   1.4079941840042050     
          34          35   1.4372145400893954     
          32          36  0.10212325904276084     
          35          36   1.4262635550270180     
          31          37   1.3974922415261111     
          34          37  0.10432795733995240     
          36          37   1.3557468031355646     
           6          38  0.98707386058533786     
          37          38  0.99258382195320427     
          38          39  0.95810834609965667     
           5          40   1.0154521003271928     
          39          40   1.0024545798836244     
          38          41  0.95410831343446334     
          36          42   1.0158037480177282     
          41          42   1.0023450013082327     
           1          43  0.96063427160939385     
           1          44  0.97641073694285541     
           1          45  0.96817203372264571     
           3          46  0.96557302012486601     
           4          47  0.96587345712681838     
          13          48  0.96227276642346027     
          14          49  0.96328639929378823     
          20          50  0.96306711007921530     
          21          51  0.96309402769013353     
          23          52  0.94859848552732728     
          24          53  0.98234949367319224     
          24          54  0.97825585046923358     
          24          55  0.97444411035816825     
          25          56  0.98037325603232350     
          25          57  0.98016328093170002     
          25          58  0.97918386970850646     
          27          59  0.98144949731486797     
          27          60  0.97959993745081175     
          27          61  0.97812656376438145     
          28          62  0.97839138981723850     
          28          63  0.97845525631298502     
          28          64  0.97696292031706322     
          29          65  0.95805554459893827     
          29          66  0.97455047022092345     
          29          67  0.96791792458025361     
          33          68  0.97623500449417411     
          33          69  0.96172880389036342     
          33          70  0.97250097933254243     
          34          71  0.96623321423377118     
          35          72  0.96602121897057414     
          39          73  0.97775695064356771     
          39          74  0.97727105411388338     
          40          75  0.96435115934758697     
          40          76  0.95655137564227277     
          41          77  0.97647951269839250     
          41          78  0.97685017500557114     
          42          79  0.96621164732789777     
          42          80  0.95576934042346162     
