   -0.10969752
    0.01557867
   -0.03535637
   -0.02578860
   -0.02956843
   -0.03614257
    0.02497300
   -0.05158444
   -0.07571828
    0.32144511
   -0.14792414
    0.03890974
   -0.12704773
   -0.12641742
    0.08621071
   -0.11953087
   -0.12856942
   -0.12329072
   -0.13047954
   -0.03930121
    0.05254800
   -0.04827877
   -0.03077120
    0.01382316
   -0.03038356
   -0.02343172
   -0.02392144
   -0.03329033
    0.01246560
   -0.00902017
   -0.01122813
    0.05241327
   -0.05316351
   -0.03386122
    0.01186996
   -0.03084037
   -0.02232861
   -0.02239259
   -0.03177493
    0.01200858
   -0.13116801
   -0.02776033
    0.04836600
    0.05461298
    0.05702001
    0.05215834
    0.05488347
    0.05300375
    0.04600026
    0.07125461
    0.05592692
    0.04988848
    0.06364320
    0.06991779
    0.05408032
    0.05997332
    0.04077546
    0.05213916
    0.06328798
    0.05827747
    0.05686813
    0.06486072
    0.06672301
    0.04818279
    0.05589367
    0.06843688
    0.05426361
    0.07418812
    0.04363728
    0.05374900
    0.04811913
    0.04945492
    0.04589208
    0.03660503
    0.03896503
    0.05215318
    0.04734785
    0.05034058
    0.04774544
    0.03881777
    0.06182904
    0.07026032
    0.04824321
