           1           2   1.0308483282737650     
           2           3   1.4091295695407173     
           3           4   1.4430263399019780     
           2           5  0.10392426061554395     
           4           5   1.4300496327544876     
           3           6  0.10676383291806603     
           5           6   1.4403941268833922     
           2           7   1.3663692319914611     
           6           7   1.4084509331093955     
           7           8  0.97924648776966894     
           8           9   1.1762878413317872     
           9          10  0.96179067158322684     
          10          11   1.2614654711252939     
          11          12  0.93408435841880744     
          12          13   1.0049622809863528     
          12          14   1.0080225436051471     
          11          15  0.90799786735000532     
          15          16  0.99637183472607116     
          15          17  0.99953530635593957     
          15          18  0.99252794476055095     
          10          19   1.1852420331977001     
          19          20  0.97163822886884010     
          19          21  0.96937693296182592     
          21          22   1.2856872740554548     
          22          23   1.5535175001817096     
          23          24   1.2748824821052411     
          24          25   1.2792681708169396     
          25          26   1.5555725348074503     
          26          27   1.3223469504907455     
          25          28  0.11764238687568172     
          27          28   1.5526735167411254     
          24          29   1.2540153122486632     
          28          29   1.2830131295852865     
          21          30   1.4540063715550113     
          23          30  0.10629255890068273     
          29          30   1.2326863501939258     
          30          31   1.0316841510738195     
          31          32   1.4477338006297300     
          32          33   1.2745060971512143     
          31          34  0.10521337803358718     
          33          34   1.5572689025379136     
          34          35   1.2731653558550733     
          35          36   1.2804100263249876     
          36          37   1.5546268313194942     
          37          38   1.3227945522656395     
          36          39  0.11739641174666378     
          38          39   1.5526197324668003     
          31          40   1.2329488332562466     
          35          40   1.2544080328536582     
          39          40   1.2841216432182314     
          10          41   1.1854364265733417     
          32          41  0.98525249928508452     
          41          42  0.97380904803316859     
           1          43  0.96639278981435073     
           1          44  0.98233834770297723     
           1          45  0.96448034255494375     
           3          46  0.96554919622645385     
           4          47  0.96880091480531871     
           5          48  0.96776395414131133     
           6          49  0.96383884354380300     
          12          50  0.95005670574237977     
          13          51  0.97019294910421716     
          13          52  0.97950368990832959     
          13          53  0.97997268389810788     
          14          54  0.97786874349010611     
          14          55  0.98125240466429497     
          14          56  0.95726523913193384     
          16          57  0.97805348477667953     
          16          58  0.98031210427183690     
          16          59  0.97902118491589596     
          17          60  0.97456877901051975     
          17          61  0.94651651046887542     
          17          62  0.97649544257083298     
          18          63  0.97736641829237125     
          18          64  0.97913270354586590     
          18          65  0.97711163264694212     
          20          66  0.96382629832694899     
          20          67  0.97188022495413551     
          20          68  0.97761904993326421     
          22          69  0.96249453422038544     
          23          70  0.96617981455302626     
          25          71  0.96697200218693435     
          26          72  0.96944014603756445     
          27          73  0.96985421927131443     
          28          74  0.96455757916142115     
          33          75  0.96364734547258424     
          34          76  0.96617925255207826     
          36          77  0.96710641555900434     
          37          78  0.96940320242957834     
          38          79  0.96964548461514533     
          39          80  0.96548499619396133     
          42          81  0.96156517285099652     
          42          82  0.97642596665054227     
          42          83  0.97066390216917242     
