    0.02963434
   -0.25091906
    0.15162745
   -0.05433399
   -0.03846551
   -0.02158150
    0.04608229
   -0.11084656
   -0.14899020
    0.03882225
   -0.11894404
   -0.02071971
   -0.03764842
   -0.06639859
    0.15036295
   -0.25344175
    0.03026465
   -0.05596766
   -0.04003922
    0.30438855
   -0.04981723
   -0.05607735
    0.03793356
   -0.03166008
   -0.02409592
   -0.02269511
   -0.02302662
   -0.03069095
   -0.12196555
   -0.03997474
    0.05536715
   -0.04721623
   -0.03257859
    0.01201064
   -0.03092551
   -0.02362373
   -0.02428698
   -0.03345857
    0.01161951
   -0.00964973
   -0.01124936
    0.05247587
   -0.05291568
   -0.03458707
    0.01141059
   -0.03080985
   -0.02254422
   -0.02262327
   -0.03207684
    0.01131358
   -0.13721046
   -0.02978188
   -0.03375944
   -0.06738463
    0.07514976
    0.04781648
    0.04946361
    0.06020904
    0.03402364
    0.05042106
    0.04177064
    0.06011567
    0.05671172
    0.06852642
    0.04876038
    0.05043667
    0.06484267
    0.04834677
    0.04908724
    0.04931641
    0.04621487
    0.07408492
    0.05740798
    0.03437399
    0.05190710
    0.05673212
    0.05689872
    0.05236616
    0.04840603
    0.07431099
    0.07650425
    0.05250020
    0.04617763
    0.05281519
    0.04703223
    0.04860192
    0.04471323
    0.03573412
    0.03970678
    0.05124195
    0.04665350
    0.04981836
    0.04735337
    0.03844717
    0.06863941
    0.06034931
    0.04960730
    0.03848141
    0.04959001
