           1           2  0.97592624123225902     
           2           3   1.0968318002352007     
           3           4   1.3306440103417547     
           4           5   1.4853987656880479     
           5           6   1.3776472857599156     
           6           7  0.98911719495568384     
           7           8   1.0016501736235222     
           7           9  0.91606595861498297     
           9          10  0.92867651798041595     
          10          11   1.0062320406646652     
          10          12  0.98919382173576365     
          12          13   1.4118711333669889     
          13          14   1.4394046785581656     
          14          15   1.3672733004658926     
          15          16   1.0922223962362607     
          16          17  0.97689466456968221     
          13          18  0.10192086666245753     
          15          18   1.3293190816354401     
          12          19   1.3777569004056183     
          18          19   1.4867703799794889     
           9          20   1.2618233805579229     
          20          21   1.0165563380503435     
          21          22   1.1490221944565626     
          22          23  0.97715720158127595     
          23          24   1.4034426636443236     
          24          25   1.4440339356837273     
          23          26  0.10268107112001723     
          25          26   1.4321673608261027     
          24          27  0.10989676925986870     
          26          27   1.4396368151329160     
          23          28   1.4069433929933848     
          25          28  0.10853148227570447     
          27          28   1.4377739064730108     
          20          29   1.2142957745510397     
          29          30  0.96798951399896627     
          29          31  0.97782087424104147     
          31          32   1.2809148423157408     
          32          33   1.5620803662039089     
          33          34   1.2692265308798909     
          34          35   1.2823078265176018     
          35          36   1.5525003765778163     
          36          37   1.3249471658686252     
          35          38  0.11728666343389581     
          37          38   1.5506300205111778     
          34          39   1.2543820563674168     
          38          39   1.2853835588587557     
          31          40   1.4593195361858182     
          33          40  0.10374514917723723     
          39          40   1.2271192664813166     
          40          41   1.0314248091665579     
          41          42   1.4510675928495840     
          42          43   1.2806708959488446     
          41          44  0.10530889839371994     
          43          44   1.5570635401227333     
          44          45   1.2730917245579116     
          45          46   1.2808945930844600     
          46          47   1.5542463657716361     
          47          48   1.3232346088209428     
          46          49  0.11739418417713188     
          48          49   1.5521497349733870     
          41          50   1.2331848639707585     
          45          50   1.2540029448412384     
          49          50   1.2848273487332638     
          20          51   1.1798887949801662     
          42          51  0.97302908751118955     
          51          52  0.97374222999360027     
           4          53  0.10344651666313824     
           6          53   1.4149908602111931     
           3          54   1.3628674363100957     
          53          54   1.4419367373384449     
           1          55  0.97834795074425007     
           1          56  0.97637592588592914     
           1          57  0.97625666821055535     
           4          58  0.96664705368145709     
           5          59  0.96558440417615898     
           7          60  0.92971131742429858     
           8          61  0.97848854996787671     
           8          62  0.97934172503490480     
           8          63  0.97801026002131519     
          10          64  0.94228323986314866     
          11          65  0.96907337154374085     
          11          66  0.98059600415426873     
          11          67  0.97905435146486186     
          13          68  0.96249880947712274     
          14          69  0.96513703320026867     
          17          70  0.97629492258248285     
          17          71  0.97645424059024122     
          17          72  0.97846485268477235     
          18          73  0.96708327669610283     
          19          74  0.96065706627072711     
          24          75  0.96673763307971405     
          25          76  0.96755016781913561     
          26          77  0.96893311485897238     
          27          78  0.96805937490115623     
          28          79  0.96324740868635772     
          30          80  0.95833560203795365     
          30          81  0.97652161865976272     
          30          82  0.97294702386770371     
          32          83  0.96342238321280704     
          33          84  0.96628420533415849     
          35          85  0.96710941157275443     
          36          86  0.96956572972767407     
          37          87  0.96993718224062142     
          38          88  0.96544467460398353     
          43          89  0.96244262796731350     
          44          90  0.96634203848341282     
          46          91  0.96715957822143084     
          47          92  0.96945635252028395     
          48          93  0.96969955334030267     
          49          94  0.96544520111211685     
          52          95  0.97798731222540003     
          52          96  0.96363147036817642     
          52          97  0.97308402790393222     
          53          98  0.96119377251550486     
          54          99  0.96525708696537227     
