    0.03101280
   -0.25533404
    0.14064902
   -0.07007484
   -0.02727142
   -0.04953120
    0.01608779
   -0.11208201
   -0.00215563
   -0.04396022
   -0.06078472
    0.31422983
   -0.14734678
    0.03850160
   -0.12714149
   -0.12726456
    0.08594105
   -0.12896914
   -0.12307857
   -0.11937735
   -0.13047476
   -0.02916550
    0.05281519
   -0.05331667
   -0.03430869
    0.01151148
   -0.03115430
   -0.02280431
   -0.02277737
   -0.03184228
    0.01196804
   -0.01135652
   -0.00962212
    0.05289409
   -0.04838409
   -0.03093509
    0.01363146
   -0.03052148
   -0.02406913
   -0.02464182
   -0.03361465
    0.01249112
   -0.13012905
   -0.04004677
    0.07267056
    0.05556447
    0.04773095
    0.05364713
    0.05688378
    0.05330488
    0.06092645
    0.05457241
    0.05196810
    0.07028517
    0.06101051
    0.05790054
    0.04878661
    0.05358503
    0.06758596
    0.06091519
    0.05832209
    0.06388732
    0.05728307
    0.06592661
    0.04793775
    0.05491640
    0.05094536
    0.04106211
    0.06227735
    0.06067531
    0.04740712
    0.07211708
    0.03856529
    0.05115807
    0.04649615
    0.04936779
    0.04692818
    0.03881466
    0.04398026
    0.05309715
    0.04730450
    0.04830995
    0.04488985
    0.03681488
    0.07382311
    0.06847285
    0.05368510
