           1           2  0.97199174835330360     
           2           3   1.0764225534036846     
           3           4   1.3708923847715582     
           4           5   1.4336702558413816     
           5           6   1.4414893801365265     
           6           7   1.3982712312729404     
           7           8   1.0314734257928106     
           3           9   1.3160029568345102     
           7           9   1.3812850068875369     
           9          10  0.99628959612715329     
          10          11   1.1552692906055260     
          11          12  0.98775017724231096     
          12          13   1.2586982773991053     
          13          14  0.93574723295749040     
          14          15   1.0046844109158879     
          14          16   1.0076876610290504     
          13          17  0.91018291119769246     
          17          18  0.99948654580193108     
          17          19  0.99254141900567938     
          17          20  0.99604822675891813     
          12          21   1.1796333428486880     
          21          22  0.97406037583120586     
          21          23  0.98851142165857342     
          23          24   1.2743736698414969     
          24          25   1.5575445623105373     
          25          26   1.2730128896011095     
          26          27   1.2803797919846371     
          27          28   1.5547417202912053     
          28          29   1.3226872484772545     
          27          30  0.11744378204905181     
          29          30   1.5528803691153084     
          26          31   1.2545450223272778     
          30          31   1.2838605777027308     
          23          32   1.4455562280631740     
          25          32  0.10528794931754011     
          31          32   1.2333716034652586     
          32          33   1.0319370015327738     
          33          34   1.4533702078527022     
          34          35   1.2849007649092090     
          33          36  0.10622605154697912     
          35          36   1.5539581922202641     
          36          37   1.2746452683581748     
          37          38   1.2791731552538730     
          38          39   1.5557966144422570     
          39          40   1.3221832560674365     
          38          41  0.11775256548628130     
          40          41   1.5531455317801099     
          33          42   1.2321590422558175     
          37          42   1.2544217128313284     
          41          42   1.2829717107286323     
          12          43   1.1762098768285087     
          34          43  0.97277589209725446     
          43          44  0.97197256453756320     
           1          45  0.97832030525602842     
           1          46  0.97584213763795713     
           1          47  0.97644540095343801     
           4          48  0.96303963428424266     
           5          49  0.96862176050912863     
           6          50  0.96596795551473147     
           8          51  0.96191688810742848     
           8          52  0.98156039082360724     
           8          53  0.96801208517119997     
          14          54  0.95033435736908756     
          15          55  0.98050533206776869     
          15          56  0.96982585312360181     
          15          57  0.97952377848853223     
          16          58  0.98128865419950662     
          16          59  0.97844741271483404     
          16          60  0.95865681457066176     
          18          61  0.97499322949935685     
          18          62  0.97683046133027218     
          18          63  0.94691676302225036     
          19          64  0.97767052356660322     
          19          65  0.97918591891735940     
          19          66  0.97720340572758280     
          20          67  0.98047657752898387     
          20          68  0.97810986073462092     
          20          69  0.97935615466492743     
          22          70  0.96273265700203958     
          22          71  0.97073569596301545     
          22          72  0.97587215445588149     
          24          73  0.96369025821833232     
          25          74  0.96630714174565491     
          27          75  0.96718319686099485     
          28          76  0.96950260331325588     
          29          77  0.96971995579615278     
          30          78  0.96546703305893422     
          35          79  0.96262469205766565     
          36          80  0.96625555293890275     
          38          81  0.96704569964962239     
          39          82  0.96955428595112836     
          40          83  0.96994039381412545     
          41          84  0.96464433559825602     
          44          85  0.97769328402966393     
          44          86  0.96394050789590269     
          44          87  0.97148391352361252     
