   -0.11383225
    0.05648072
   -0.11920600
   -0.14412289
    0.08244829
   -0.12032466
   -0.11491840
   -0.00471141
   -0.03620333
   -0.02548600
   -0.02220386
   -0.02310658
   -0.03205037
    0.25622220
   -0.06225426
   -0.06012779
    0.04023833
   -0.03446594
   -0.02383337
   -0.02476598
   -0.02296190
   -0.03347045
   -0.12207066
   -0.03485975
    0.05198780
   -0.04258369
   -0.02955827
    0.01523382
   -0.02929521
   -0.02223286
   -0.02359673
   -0.03192481
    0.01309770
   -0.00458218
   -0.00795594
    0.05234889
   -0.05029901
   -0.03380310
    0.01293757
   -0.03071114
   -0.02224336
   -0.02274791
   -0.03278029
    0.01157160
   -0.12634753
   -0.02616317
    0.04398777
    0.05927656
    0.05534285
    0.05166333
    0.05743147
    0.06582946
    0.04666817
    0.04103773
    0.06153056
    0.05529127
    0.05531976
    0.06090917
    0.05694375
    0.03605254
    0.04103530
    0.05174311
    0.05203648
    0.04875800
    0.04611427
    0.05453811
    0.05657497
    0.05487428
    0.04609246
    0.06579607
    0.06526474
    0.06066725
    0.04096534
    0.05537697
    0.04928549
    0.05079385
    0.04682336
    0.03834923
    0.04045594
    0.05175582
    0.04741190
    0.05037836
    0.04748513
    0.03865700
    0.05696630
    0.06010736
    0.05364264
