           1           2   1.0044277598811073     
           2           3  0.99964018355990913     
           2           4  0.93358858373588449     
           4           5  0.92188669833052250     
           5           6  0.99423732241143892     
           5           7  0.98350344075264784     
           5           8  0.97395431913903019     
           8           9   1.3857924235249022     
           9          10   1.4478277365481278     
           8          11  0.10487465896885105     
          10          11   1.4326890128634844     
           9          12  0.10796876988710949     
          11          12   1.4392717376218753     
           8          13   1.3913517093367729     
          10          13  0.10688112197181179     
          12          13   1.4420892132210401     
           4          14   1.2384054658366586     
          14          15  0.98291347980222210     
          15          16   1.1645093198793688     
          16          17  0.98575514851987467     
          17          18   1.4051693992526624     
          18          19   1.4403120053745080     
          17          20  0.10203737807777466     
          19          20   1.4357061055710396     
          18          21  0.10864969280833098     
          20          21   1.4348002792543675     
          17          22   1.3934881085731021     
          19          22  0.10868889135993934     
          21          22   1.4430122997593935     
          14          23   1.2427373660700822     
          23          24  0.97287138319768263     
          23          25  0.95124448273155537     
          25          26   1.2898943771442224     
          26          27   1.5523693751739531     
          27          28   1.2727309824444877     
          28          29   1.2812191257761372     
          29          30   1.5542462470312988     
          30          31   1.3233797515582473     
          29          32  0.11730169277422352     
          31          32   1.5516006444296933     
          28          33   1.2534433380550658     
          32          33   1.2853283069789845     
          25          34   1.4561195294959615     
          27          34  0.10561767819608944     
          33          34   1.2325651649597640     
          34          35   1.0362449566357694     
          35          36   1.4582091275347455     
          36          37   1.2848364500767711     
          35          38  0.10491470853008249     
          37          38   1.5584976705023323     
          38          39   1.2727034184715706     
          39          40   1.2809841645457312     
          40          41   1.5541395872078545     
          41          42   1.3236698014694832     
          40          43  0.11745717080290310     
          42          43   1.5516703404860459     
          35          44   1.2307678998100069     
          39          44   1.2549640045709336     
          43          44   1.2856732628913203     
          14          45   1.2136478454603672     
          36          45  0.97296883759208608     
          45          46  0.97511572579461858     
           1          47  0.97586811399904794     
           1          48  0.97954783068835827     
           1          49  0.97754238676314364     
           2          50  0.93229577193988034     
           3          51  0.98172856260643160     
           3          52  0.97924983684752198     
           3          53  0.97350353444159055     
           6          54  0.97085498934376624     
           6          55  0.97791565792562662     
           6          56  0.97759911462555826     
           7          57  0.97570467187437193     
           7          58  0.97854334887544459     
           7          59  0.98049135323309011     
           9          60  0.95527447814278799     
          10          61  0.96986539021465845     
          11          62  0.96970040317504846     
          12          63  0.96920684251281330     
          13          64  0.96446651474226064     
          18          65  0.96463101392394801     
          19          66  0.96774721407704789     
          20          67  0.96894870641827602     
          21          68  0.96765881039182611     
          22          69  0.96700085592744633     
          24          70  0.97527409315994251     
          24          71  0.96234480108508713     
          24          72  0.97565913802853377     
          26          73  0.96390316079340566     
          27          74  0.96604098389439574     
          29          75  0.96691254465892795     
          30          76  0.96935301322276146     
          31          77  0.96974154666401968     
          32          78  0.96585933960192971     
          37          79  0.96284485234743000     
          38          80  0.96617413103811156     
          40          81  0.96703905700875925     
          41          82  0.96937494407198266     
          42          83  0.96969088097303935     
          43          84  0.96482988753960164     
          46          85  0.96168316970639123     
          46          86  0.97606312968894948     
          46          87  0.97073317425999139     
