   -0.12716098
    0.03778415
   -0.12967428
   -0.14783329
    0.08602748
   -0.12371157
   -0.12900692
   -0.12005265
    0.32166895
   -0.04553220
   -0.02938523
    0.01571427
   -0.03418663
   -0.02908642
   -0.02343199
   -0.04526863
    0.16606188
   -0.20982016
   -0.12677407
   -0.04117913
    0.05231937
   -0.04942323
   -0.03123050
    0.01299385
   -0.02998902
   -0.02347347
   -0.02474755
   -0.03492593
    0.01151732
   -0.00992959
   -0.01116726
    0.05223106
   -0.05313652
   -0.03382895
    0.01200121
   -0.03073917
   -0.02227095
   -0.02233054
   -0.03200743
    0.01213978
   -0.13320985
   -0.02972699
    0.05295873
    0.05922739
    0.07082539
    0.07206248
    0.05014861
    0.06538522
    0.06365580
    0.06690013
    0.04841501
    0.05658702
    0.05827667
    0.06533419
    0.05677378
    0.05316379
    0.06355332
    0.04064720
    0.05924848
    0.06451367
    0.06961883
    0.08013942
    0.05539228
    0.07507197
    0.07028318
    0.04525168
    0.05474857
    0.04910976
    0.05005079
    0.04505436
    0.03528514
    0.03880773
    0.05248125
    0.04762903
    0.05067389
    0.04796371
    0.03865172
    0.06419573
    0.05139341
    0.06430244
