           1           2   1.0082345042486094     
           2           3   1.0051434560894241     
           2           4  0.93204116410063964     
           4           5  0.90761976869881100     
           5           6  0.99251859503153084     
           5           7  0.99947672030751911     
           5           8  0.99653005424527719     
           4           9   1.2656196430633055     
           9          10  0.96285265372794160     
          10          11   1.1824346608043321     
          11          12  0.99851067587864617     
          12          13   1.3925352808210285     
          13          14   1.4458989694988114     
          12          15  0.10062960938672043     
          14          15   1.4309730773788201     
          13          16  0.10711856880016450     
          15          16   1.4372258714412087     
          12          17   1.3577346240114061     
          16          17   1.3983940630153535     
          17          18  0.96704683783227086     
           9          19   1.1855181343214889     
          19          20  0.97136392357752654     
          19          21  0.97462331627654031     
          21          22   1.2842138040082567     
          22          23   1.5550012524587189     
          23          24   1.2734135276965861     
          24          25   1.2796275095962828     
          25          26   1.5553178005882597     
          26          27   1.3224669865750511     
          25          28  0.11744433943354614     
          27          28   1.5516548862334951     
          24          29   1.2543363206385192     
          28          29   1.2822123006981552     
          21          30   1.4532633893320874     
          23          30  0.10585842788205918     
          29          30   1.2328383504819913     
          30          31   1.0306568309171125     
          31          32   1.4501090960909933     
          32          33   1.2742868011179811     
          31          34  0.10529613256874426     
          33          34   1.5577371629624654     
          34          35   1.2730942166986192     
          35          36   1.2806652682907613     
          36          37   1.5543034812279719     
          37          38   1.3232261530526732     
          36          39  0.11738510672950142     
          38          39   1.5520624388106374     
          31          40   1.2319557723666665     
          35          40   1.2543057783784486     
          39          40   1.2850705375055798     
           9          41   1.1847174077684286     
          32          41  0.98551918337134514     
          41          42  0.97455686741443426     
           1          43  0.98131244475111334     
           1          44  0.95979773189369366     
           1          45  0.97766393301205123     
           2          46  0.94985122218043139     
           3          47  0.97922683832529600     
           3          48  0.97924416971289918     
           3          49  0.96699322024904755     
           6          50  0.97731322538726972     
           6          51  0.97893266891050890     
           6          52  0.97705177859988512     
           7          53  0.97486747558845754     
           7          54  0.97642574565429774     
           7          55  0.94654493327189937     
           8          56  0.98023746006149937     
           8          57  0.97895743382424361     
           8          58  0.97780075052657955     
          13          59  0.96260241746412745     
          14          60  0.96661448128631511     
          15          61  0.96732077822688567     
          16          62  0.96222600670172442     
          20          63  0.97227013875668544     
          20          64  0.97726428417849509     
          20          65  0.96315431450309641     
          22          66  0.96243128959865820     
          23          67  0.96610986799208698     
          25          68  0.96690531650799694     
          26          69  0.96940291866274564     
          27          70  0.96988568749056947     
          28          71  0.96511094212383663     
          33          72  0.96354345541839326     
          34          73  0.96615323037576784     
          36          74  0.96706012790583507     
          37          75  0.96936338429815250     
          38          76  0.96964064083740442     
          39          77  0.96531154044144851     
          42          78  0.97759054475194274     
          42          79  0.97018700922836443     
          42          80  0.96108330848912449     
