   -0.11615914
    0.02132848
   -0.04062090
   -0.02680141
   -0.04357790
    0.01420621
   -0.11499036
    0.00953881
   -0.02010519
   -0.08640793
    0.57544661
   -0.17510312
    0.05081084
   -0.12269686
   -0.12268463
    0.04538416
   -0.12360231
   -0.12612347
   -0.25740564
    0.11883213
   -0.05178688
   -0.02399979
   -0.03528660
    0.01756156
   -0.01365370
    0.02442746
   -0.06058518
   -0.06598619
   -0.06071170
   -0.06633608
    0.01703241
   -0.03745151
   -0.02822766
   -0.05591434
    0.12343628
   -0.01333781
   -0.27455641
    0.06253142
    0.06226076
    0.05606421
    0.05414664
    0.05373648
    0.04921373
    0.05057294
    0.06657940
    0.05293347
    0.04397958
    0.06050186
    0.06374013
    0.05791031
    0.06024265
    0.04268199
    0.06356710
    0.06734384
    0.05096883
    0.05605942
    0.06775169
    0.06802687
    0.04961925
    0.05571915
    0.05924691
    0.06823021
    0.06600140
    0.04372452
    0.05364676
    0.06440662
    0.06311125
    0.05445304
    0.04206188
    0.06491003
    0.06218684
    0.06424460
    0.06301154
    0.06072044
