           1           2   1.0340909758414494     
           2           3   1.4080714712852773     
           3           4   1.4369799651273132     
           2           5  0.10255699147921375     
           4           5   1.4385268760255159     
           3           6  0.10218349319299404     
           5           6   1.4059369235365617     
           6           7   1.0313575977551455     
           2           8   1.3711923031004247     
           6           8   1.3724307504690898     
           8           9  0.98270342402516020     
           9          10   1.1603361401673042     
          10          11  0.98037833284303932     
          11          12   1.2278073560649527     
          12          13  0.94240621509017919     
          13          14   1.0031696628225046     
          13          15   1.0056343054970609     
          12          16  0.93785414059659511     
          16          17   1.0068533102036488     
          16          18   1.0065829541324738     
          11          19   1.3021524936560036     
          19          20  0.87329825524905602     
          20          21   1.3833815622670702     
          21          22   1.4499957956731289     
          22          23   1.4209716356318962     
          21          24  0.10690653086555899     
          23          24   1.4395037850601669     
          20          25   1.4059193402840156     
          22          25  0.10437377918934074     
          24          25   1.3456364245656076     
          25          26  0.99111266739058168     
          26          27  0.95547465903145623     
          24          28   1.0168176246932361     
          27          28   1.0019735784259538     
          26          29  0.95690955701429892     
          29          30   1.0023698438819473     
          30          31   1.0171232168641329     
          31          32   1.4394592771620414     
          32          33   1.4204774144844763     
          31          34  0.10641426842434586     
          33          34   1.4504740780902150     
          34          35   1.3832948220743884     
          26          36  0.99028543927997303     
          31          36   1.3453362971480662     
          33          36  0.10457016246758369     
          35          36   1.4044766872915582     
          11          37   1.2769491995889906     
          35          37  0.87145163296482575     
           1          38  0.97123432448109182     
           1          39  0.97898422163021248     
           1          40  0.95826567167424914     
           3          41  0.96567176491823070     
           4          42  0.96856502170959469     
           5          43  0.96631480971952932     
           7          44  0.98046935619946507     
           7          45  0.95958282910585002     
           7          46  0.96965105654573325     
          13          47  0.94337233471374127     
          14          48  0.97949412206133013     
          14          49  0.98056965329440926     
          14          50  0.97998356651134888     
          15          51  0.98115781044924733     
          15          52  0.97760038465612520     
          15          53  0.97922750762678146     
          16          54  0.95512263471371461     
          17          55  0.98405316799273757     
          17          56  0.97869452610758534     
          17          57  0.97957784597080133     
          18          58  0.97981263712564093     
          18          59  0.97966730210641262     
          18          60  0.97643812334031799     
          21          61  0.96318179879149080     
          22          62  0.96732414016555957     
          23          63  0.96584305953609195     
          27          64  0.97852536116250888     
          27          65  0.97689500412216068     
          28          66  0.95475591206029597     
          28          67  0.96528012261875296     
          29          68  0.97678077288104093     
          29          69  0.97853940737214451     
          30          70  0.95446769872836956     
          30          71  0.96494830195515946     
          32          72  0.96601138252258290     
          33          73  0.96789530317875971     
          34          74  0.96075417858313006     
