    0.02756673
   -0.24536119
    0.15139141
   -0.07949640
    0.01987071
   -0.11289469
   -0.00019579
   -0.04417299
   -0.03326469
    0.50516580
   -0.16152325
    0.05019663
   -0.11531865
   -0.12128099
    0.04917172
   -0.12441548
   -0.12183535
   -0.25123583
    0.10490605
    0.13114144
   -0.25637161
    0.06959634
   -0.00249947
   -0.03165184
   -0.02713475
   -0.02691175
   -0.02526351
   -0.03895804
   -0.07429329
    0.01359003
   -0.03088579
   -0.02066814
   -0.02406363
   -0.02904019
    0.00436729
   -0.00899789
   -0.01161683
    0.10899578
    0.13164273
   -0.26607903
    0.07417810
   -0.00413595
   -0.03888258
   -0.02522687
   -0.02663711
   -0.02694974
   -0.03161496
   -0.07628418
    0.01180992
   -0.03152428
   -0.02130196
   -0.02447484
   -0.02936328
    0.00343834
   -0.26818331
    0.01587832
   -0.11328473
   -0.07005633
    0.04913092
    0.05190252
    0.07635001
    0.05494945
    0.06862801
    0.06189059
    0.06258555
    0.06253042
    0.06070696
    0.03978201
    0.05504710
    0.06605835
    0.05478289
    0.05710476
    0.05949668
    0.06573890
    0.04882707
    0.05636192
    0.06474559
    0.05181878
    0.07018832
    0.04410057
    0.07077878
    0.03336449
    0.04011932
    0.04454273
    0.04475360
    0.03313290
    0.06452675
    0.04981877
    0.05343057
    0.05035579
    0.04335265
    0.03897115
    0.06514629
    0.03243283
    0.04503063
    0.04483921
    0.04045933
    0.03438351
    0.06252493
    0.04846737
    0.05273050
    0.05010760
    0.04269393
    0.06762078
    0.05322402
    0.04587638
    0.06503164
