           1           2  0.97478553363130105     
           2           3   1.1032179038844625     
           3           4   1.3553570884567918     
           4           5   1.4203575538083812     
           5           6   1.0331499653689526     
           5           7   1.3675231464444428     
           7           8  0.97488767995817927     
           8           9   1.2516384667786837     
           9          10  0.92145940950257943     
          10          11   1.2428957680894739     
          11          12  0.92699210702886281     
          12          13   1.0044907875718312     
          12          14   1.0076579739596445     
          11          15  0.94599410804035911     
          15          16   1.0013103669518759     
          15          17   1.0096339315060219     
          10          18   1.2925751924328959     
          18          19  0.90412061521024667     
          19          20   1.2228877349866916     
          20          21   1.0779899712963961     
          21          22  0.95083943464552534     
          22          23  0.99518862939295460     
          23          24   1.4170425589682860     
          24          25   1.4417355135038392     
          23          26  0.10969642832072357     
          25          26   1.4412995605231960     
          24          27  0.11122887649725652     
          26          27   1.4368714195531267     
          23          28   1.4105085777765376     
          25          28  0.11178178647064754     
          27          28   1.4465722454701382     
          20          29   1.4622456301897235     
          29          30   1.2786836732969156     
          30          31   1.2802660567378035     
          31          32   1.5533832668362766     
          32          33   1.3241365198904516     
          31          34  0.11655525542405742     
          33          34   1.5484644194693293     
          30          35   1.2506409319663232     
          34          35   1.2891018311752418     
          19          36   1.4751837084418100     
          35          36   1.2227758373751727     
          36          37   1.0349641632474340     
          37          38   1.4727431828299129     
          38          39   1.2216198998678909     
          39          40   1.0743352349947839     
          40          41  0.95303550242819057     
          41          42  0.99453456418631880     
          42          43   1.4113328776584679     
          43          44   1.4459765358253138     
          42          45  0.10971553507469051     
          44          45   1.4372441081124052     
          43          46  0.11172204249615077     
          45          46   1.4411039520664621     
          42          47   1.4171501954390626     
          44          47  0.11136908755636352     
          46          47   1.4419136810520581     
          39          48   1.4649311690014768     
          48          49   1.2778841221085497     
          49          50   1.2800243105827560     
          50          51   1.5534344228368524     
          51          52   1.3241325398933845     
          50          53  0.11665758183331765     
          52          53   1.5485989169390137     
          37          54   1.2232263178483833     
          49          54   1.2521568363895308     
          53          54   1.2881092947590598     
          10          55   1.2437954497207080     
          38          55  0.91006841454220544     
           7          56   1.3462884784015556     
          56          57   1.0289164680559371     
           3          58   1.3293712780083720     
          56          58   1.4506223602391783     
           1          59  0.97603259316535762     
           1          60  0.97601391141243399     
           1          61  0.97816554518424048     
           4          62  0.96085896139127791     
           6          63  0.96541199453410387     
           6          64  0.93923484769432897     
           6          65  0.98124809026335957     
          12          66  0.95521877639966013     
          13          67  0.98038761727649537     
          13          68  0.97533772746455516     
          13          69  0.98010595425177915     
          14          70  0.97727724914333725     
          14          71  0.97930076311107495     
          14          72  0.98017893270254963     
          15          73  0.95704555394383728     
          16          74  0.97283977500843988     
          16          75  0.97806569343913341     
          16          76  0.98021017537000477     
          17          77  0.95989037441019709     
          17          78  0.96338709048961324     
          17          79  0.97583037777236559     
          22          80  0.96311193411031892     
          22          81  0.95423258902262187     
          24          82  0.96915108491598834     
          25          83  0.97053434329129251     
          26          84  0.97048083796332774     
          27          85  0.97009813839176162     
          28          86  0.96892508241750386     
          29          87  0.95880302763315062     
          31          88  0.96675286848475694     
          32          89  0.96906912599230943     
          33          90  0.96946635968522821     
          34          91  0.96478186895235629     
          41          92  0.96345106532426161     
          41          93  0.95564442320123744     
          43          94  0.96891873040853393     
          44          95  0.97008253532284350     
          45          96  0.97044034510972266     
          46          97  0.97051344704316556     
          47          98  0.96911490669755196     
          48          99  0.95866864707549293     
          50         100  0.96695529215058296     
          51         101  0.96917406760441738     
          52         102  0.96945602795673180     
          53         103  0.96516350363334991     
          57         104  0.96278770233865696     
          57         105  0.98137833591129342     
          57         106  0.96732675920963118     
          58         107  0.96304660018509558     
