    0.03017908
   -0.25264312
    0.14527298
   -0.06545539
   -0.02409418
   -0.03805437
   -0.03459230
    0.00828560
   -0.03911677
   -0.04930548
    0.27203034
   -0.13145111
   -0.04779675
    0.08439039
   -0.12428802
   -0.12545897
   -0.12589813
   -0.12581633
   -0.03241766
    0.05226384
   -0.04600422
   -0.03445200
    0.01278642
   -0.03079790
   -0.02135519
   -0.02198965
   -0.03174518
    0.01105690
   -0.00681476
   -0.01299428
    0.05580052
   -0.04980219
   -0.03319596
    0.01127428
   -0.03127705
   -0.02357526
   -0.02356621
   -0.03359136
    0.01164583
   -0.11462249
   -0.04246046
    0.07596218
    0.05594204
    0.04833953
    0.05672242
    0.05874760
    0.05229295
    0.05207073
    0.06923159
    0.06956660
    0.06004298
    0.05777895
    0.06603183
    0.05133568
    0.06145933
    0.07102272
    0.05437804
    0.06600746
    0.05013629
    0.05133551
    0.06011084
    0.05889774
    0.05872286
    0.03727576
    0.05245113
    0.04858081
    0.05228677
    0.04966505
    0.04081995
    0.05011473
    0.05252010
    0.04729799
    0.04918797
    0.04589512
    0.03550321
    0.06549993
    0.07198536
    0.07442681
