           1           2  0.97094712630991875     
           2           3   1.0913291022001750     
           3           4   1.3634164327144986     
           4           5   1.4440549270165801     
           5           6   1.4300956933681368     
           4           7  0.10316327530205369     
           6           7   1.4321266436495483     
           3           8   1.3117596896947641     
           7           8   1.4185212193590602     
           8           9  0.99378753924532426     
           9          10   1.1431242326476223     
          10          11  0.98685624195077148     
          11          12   1.2466275501440720     
          12          13  0.97157643458679877     
          12          14  0.92448987336774568     
          14          15  0.99435089567762114     
          14          16  0.99777855074717514     
          14          17  0.99518126770731097     
          11          18   1.2154435368388519     
          18          19  0.97689658243835631     
          18          20  0.95076796748692627     
          20          21   1.2878428764301122     
          21          22   1.5567927368391672     
          22          23   1.2726963449017772     
          23          24   1.2824981245112224     
          24          25   1.5529553408276779     
          25          26   1.3239227136748342     
          24          27  0.11702192836973775     
          26          27   1.5512322041253681     
          23          28   1.2524860043787363     
          27          28   1.2858549954944265     
          20          29   1.4528393757474336     
          22          29  0.10518376461971721     
          28          29   1.2340995143907441     
          29          30   1.0287423002600553     
          30          31   1.4469843058039942     
          31          32   1.2821206538131680     
          30          33  0.10564877485568294     
          32          33   1.5559903335086567     
          33          34   1.2715934175141770     
          34          35   1.2806817584996359     
          35          36   1.5542961101072141     
          36          37   1.3230141578458481     
          35          38  0.11743789595625687     
          37          38   1.5527783247898299     
          30          39   1.2352934162787443     
          34          39   1.2534829855197980     
          38          39   1.2837253123378065     
          11          40   1.2056082759851761     
          31          40  0.99713843072180230     
          40          41  0.96993650080064064     
           1          42  0.97805703417858347     
           1          43  0.97621352362369485     
           1          44  0.97640988763766523     
           4          45  0.96289489006265461     
           5          46  0.96868450389144234     
           6          47  0.96823271632967789     
           7          48  0.96219644938034654     
          13          49  0.97310390588095208     
          13          50  0.96377799185842450     
          13          51  0.97615124587548752     
          15          52  0.98208559588869770     
          15          53  0.97879405666311137     
          15          54  0.98263122946034365     
          16          55  0.94380419775883051     
          16          56  0.97656427024443970     
          16          57  0.97429357337118638     
          17          58  0.97987020326179008     
          17          59  0.98187246779512494     
          17          60  0.97279051828947694     
          19          61  0.97655893967833551     
          19          62  0.97584579886272749     
          19          63  0.96818261827584950     
          21          64  0.96155252224737797     
          22          65  0.96632796529977782     
          24          66  0.96694650407193428     
          25          67  0.96920505568636206     
          26          68  0.96947366937752799     
          27          69  0.96535531559724674     
          32          70  0.96239611338837983     
          33          71  0.96632103349861553     
          35          72  0.96707568641606123     
          36          73  0.96951228504242726     
          37          74  0.96982698584994775     
          38          75  0.96549573580161430     
          41          76  0.97011617240898906     
          41          77  0.96228192715677030     
          41          78  0.97706656515378720     
