   -0.11929825
    0.04765811
   -0.12064646
   -0.16858597
    0.05365445
   -0.12413764
   -0.12132920
    0.49709949
   -0.00318631
   -0.02757839
    0.04075403
   -0.02746791
   -0.01471352
   -0.01921416
   -0.01907349
   -0.03118495
    0.48545324
   -0.20018185
   -0.18216384
   -0.17884911
   -0.26325072
    0.12529640
   -0.05359173
   -0.02668202
   -0.03702274
    0.01669975
   -0.01417595
    0.02492598
   -0.06062286
   -0.06612239
   -0.06039894
   -0.06668819
    0.01355285
   -0.04110832
   -0.02821665
   -0.05312551
    0.12243470
   -0.01346204
   -0.25471270
    0.06670699
    0.04036586
    0.06909277
    0.06176787
    0.06710034
    0.05995360
    0.06141044
    0.04599841
    0.06767183
    0.05650085
    0.06230311
    0.05166050
    0.06167496
    0.06903718
    0.06920664
    0.07200084
    0.07700951
    0.08253023
    0.06375698
    0.06557976
    0.06482100
    0.04401876
    0.05327613
    0.06404335
    0.06297555
    0.04032930
    0.05568917
    0.06638095
    0.05654636
    0.05622757
    0.06475238
    0.06887363
