           1           2   1.0055847023125768     
           2           3   1.0054180967586668     
           2           4  0.93481424095381127     
           4           5  0.93802092347022703     
           5           6   1.0011224109777521     
           5           7   1.0065811369370894     
           4           8   1.2434183945606154     
           8           9  0.92939915865230038     
           9          10   1.2316867905978810     
          10          11  0.99936401778338468     
          11          12   1.3923837799615657     
          12          13   1.4465600004082848     
          11          14  0.10033191019084159     
          13          14   1.4272904334258891     
          12          15  0.10569463446413027     
          14          15   1.4420153676361682     
          11          16   1.3775464780893900     
          13          16  0.10308519757569032     
          15          16   1.4062194148342215     
          16          17  0.95186362983963935     
          17          18  0.92546722871915266     
          17          19  0.97335263654615090     
          17          20  0.93830913542006478     
           8          21   1.3014972111247920     
          21          22  0.87030437399415206     
          22          23   1.3828796915098382     
          23          24   1.4507677524058158     
          24          25   1.4203537739458363     
          23          26  0.10659690883139576     
          25          26   1.4401272635118070     
          22          27   1.4050806834602927     
          24          27  0.10508541505143339     
          26          27   1.3457775499010398     
          27          28  0.98923213068398252     
          28          29  0.95594546167599759     
          26          30   1.0165918316348446     
          29          30   1.0023500561921319     
          28          31  0.95675990050232140     
          31          32   1.0022243301076452     
          32          33   1.0162018899012615     
          33          34   1.4375635074805198     
          34          35   1.4228338455317759     
          33          36  0.10628272012866874     
          35          36   1.4464650153988561     
          36          37   1.3805250833254841     
          28          38  0.99152193179813053     
          33          38   1.3482589408421797     
          35          38  0.10499556362339543     
          37          38   1.4014434755055423     
           8          39   1.2950620949913700     
          37          39  0.88667533703108670     
           1          40  0.97909829214402244     
           1          41  0.95451912772369951     
           1          42  0.98012399850367982     
           2          43  0.95467306854480460     
           3          44  0.97814406689952360     
           3          45  0.97827764912765991     
           3          46  0.98215186979416536     
           5          47  0.94035338697193860     
           6          48  0.97892260588093005     
           6          49  0.98004280265782695     
           6          50  0.98099378867889520     
           7          51  0.96768761663997760     
           7          52  0.97747161540605243     
           7          53  0.97880551952863837     
          12          54  0.96343069231104494     
          13          55  0.96497087156389805     
          14          56  0.96569721587391177     
          15          57  0.96216249444951263     
          23          58  0.96144428524214254     
          24          59  0.96749923660317583     
          25          60  0.96591240045901205     
          29          61  0.97838589290000422     
          29          62  0.97668084823888246     
          30          63  0.95499132825275890     
          30          64  0.96490091183128213     
          31          65  0.97820681342693550     
          31          66  0.97654912462186871     
          32          67  0.95430456135501807     
          32          68  0.96529305726765358     
          34          69  0.96639069766614671     
          35          70  0.96751995225461451     
          36          71  0.95907389002422916     
