   -0.12910917
    0.03744404
   -0.12743819
   -0.14713891
    0.08592103
   -0.12047805
   -0.12919841
   -0.12403822
    0.32312582
   -0.06522503
   -0.03969407
    0.03756175
   -0.03967448
   -0.02281860
   -0.04538241
    0.17772591
   -0.20242862
   -0.05553859
   -0.12423306
   -0.04161559
    0.05201115
   -0.04925392
   -0.03107552
    0.01319990
   -0.02991166
   -0.02316297
   -0.02446565
   -0.03458915
    0.01172544
   -0.00975865
   -0.01115687
    0.05194727
   -0.05320350
   -0.03357883
    0.01220270
   -0.03059151
   -0.02205155
   -0.02215691
   -0.03202656
    0.01215518
   -0.13195687
   -0.03109819
    0.06658255
    0.05882378
    0.05190954
    0.07326259
    0.05839519
    0.05367092
    0.07102469
    0.06433864
    0.05347273
    0.04102831
    0.05692121
    0.06601418
    0.05834026
    0.06759886
    0.04862794
    0.05701024
    0.05686247
    0.06700057
    0.08106048
    0.07224047
    0.05622067
    0.07085687
    0.07542447
    0.04520881
    0.05507332
    0.04937312
    0.05061087
    0.04565489
    0.03543906
    0.03945317
    0.05315579
    0.04814305
    0.05117575
    0.04832310
    0.03860197
    0.06353594
    0.06566662
    0.05292640
