           1           2   1.0051115899184546     
           2           3   1.0081822443580828     
           2           4  0.93263671671000781     
           4           5  0.90610606270118366     
           5           6  0.99676831009210598     
           5           7  0.99953513479791689     
           5           8  0.99248488524534506     
           4           9   1.2655955112498654     
           9          10  0.94721503222738224     
          10          11   1.1815611582232788     
          11          12  0.99132535962420854     
          12          13   1.3980388169848661     
          13          14   1.4371316981276179     
          12          15  0.10034474784274616     
          14          15   1.4406450877482755     
          15          16   1.3864064743179292     
          16          17  0.97850560718066570     
          12          18   1.4050115354130890     
          14          18  0.10720186185333583     
          16          18   1.3930005014731206     
           9          19   1.1939399911164745     
          19          20  0.97099091521078018     
          19          21  0.97340909195555592     
          21          22   1.2844000025021074     
          22          23   1.5545942195186953     
          23          24   1.2734545108211748     
          24          25   1.2795746995136834     
          25          26   1.5553575335640180     
          26          27   1.3223532413865808     
          25          28  0.11742471668034013     
          27          28   1.5518987857401956     
          24          29   1.2541065228166008     
          28          29   1.2826767735753777     
          21          30   1.4534996450956599     
          23          30  0.10581815736770728     
          29          30   1.2327048003371672     
          30          31   1.0306877246406609     
          31          32   1.4510658636709763     
          32          33   1.2741464580733144     
          31          34  0.10523818217376130     
          33          34   1.5576654276476223     
          34          35   1.2731049062768132     
          35          36   1.2806790644767772     
          36          37   1.5542235713629462     
          37          38   1.3233125607948797     
          36          39  0.11735624578767404     
          38          39   1.5518739654737674     
          31          40   1.2313708932513177     
          35          40   1.2543228048438240     
          39          40   1.2853094978195572     
           9          41   1.1892447643950081     
          32          41  0.98373555416838809     
          41          42  0.97406321949143126     
           1          43  0.97918980445088089     
           1          44  0.96691945335283469     
           1          45  0.97902198077592528     
           2          46  0.94965404750343585     
           3          47  0.96042972820707107     
           3          48  0.98129787223272169     
           3          49  0.97773475309625468     
           6          50  0.97874758590994437     
           6          51  0.98027280176998599     
           6          52  0.97751543508286221     
           7          53  0.94610177055341771     
           7          54  0.97623967182704519     
           7          55  0.97481676939408146     
           8          56  0.97705356441844526     
           8          57  0.97885954278805620     
           8          58  0.97696304181214810     
          13          59  0.96390701686977587     
          14          60  0.96624479588481771     
          15          61  0.96383828060687593     
          18          62  0.96128492232334128     
          20          63  0.97246910770228345     
          20          64  0.96295559569533618     
          20          65  0.97716518932470575     
          22          66  0.96237399810450130     
          23          67  0.96606892789944965     
          25          68  0.96687608761140797     
          26          69  0.96934652359329598     
          27          70  0.96982802654366418     
          28          71  0.96515650527215857     
          33          72  0.96354225326261556     
          34          73  0.96606204746618540     
          36          74  0.96700768042687679     
          37          75  0.96930878864945669     
          38          76  0.96960526085590026     
          39          77  0.96527818376580865     
          42          78  0.96042029880521973     
          42          79  0.97736525641365402     
          42          80  0.96986821917983845     
