   -0.11609414
    0.02577487
   -0.05419130
    0.01221936
   -0.10853848
    0.00844359
   -0.06264720
   -0.08328471
    0.32329302
   -0.14988731
    0.03928731
   -0.12598776
   -0.12682785
    0.08632101
   -0.12830943
   -0.11914436
   -0.12286911
   -0.13358348
   -0.02801753
    0.05316121
   -0.05352790
   -0.03415281
    0.01153355
   -0.03106265
   -0.02263371
   -0.02262904
   -0.03181078
    0.01183912
   -0.01165267
   -0.00955236
    0.05345927
   -0.04826764
   -0.03075495
    0.01376195
   -0.03045541
   -0.02368340
   -0.02424814
   -0.03317528
    0.01289337
   -0.13289144
   -0.03833874
    0.01577877
   -0.11133733
   -0.05317574
    0.05506165
    0.05416883
    0.06537579
    0.04651268
    0.04776491
    0.05566063
    0.04809429
    0.07020298
    0.04921587
    0.06257509
    0.05495064
    0.06816772
    0.05342287
    0.06031672
    0.05652639
    0.05812920
    0.06385946
    0.05102387
    0.06245992
    0.04098839
    0.05518550
    0.04790546
    0.06605801
    0.04647371
    0.07383714
    0.06191835
    0.03863628
    0.05122278
    0.04667597
    0.04963571
    0.04713896
    0.03863247
    0.04332377
    0.05280147
    0.04730144
    0.04853615
    0.04506019
    0.03701837
    0.05336999
    0.07337535
    0.06785875
    0.05998944
    0.05316991
    0.05527590
    0.05008732
