           1           2   1.0324003336068752     
           2           3   1.3964901746508787     
           3           4   1.4254585758607892     
           4           5   1.0295516352002425     
           4           6   1.3580787384183204     
           6           7  0.98684513001734020     
           7           8   1.1517051538746730     
           8           9  0.98359789781970874     
           9          10   1.2578005596380772     
          10          11  0.93520236276281521     
          11          12   1.0051548722881953     
          11          13   1.0076511705821654     
          10          14  0.90927420194522846     
          14          15  0.99960960443726887     
          14          16  0.99617475896498675     
          14          17  0.99256709888488770     
           9          18   1.1782849161464248     
          18          19  0.97300222638723044     
          18          20  0.98738237337568724     
          20          21   1.2747275564355731     
          21          22   1.5570616152687626     
          22          23   1.2732610550852259     
          23          24   1.2802693224620183     
          24          25   1.5548004332813881     
          25          26   1.3226314657547644     
          24          27  0.11743020585489676     
          26          27   1.5528539461179773     
          23          28   1.2543964107215333     
          27          28   1.2838527984371575     
          20          29   1.4451377656352273     
          22          29  0.10534043838624858     
          28          29   1.2334287282069489     
          29          30   1.0318282416824298     
          30          31   1.4539837855838655     
          31          32   1.2853188957814896     
          30          33  0.10609049019304155     
          32          33   1.5542097833373025     
          33          34   1.2746368807541069     
          34          35   1.2789982181673050     
          35          36   1.5559120903949262     
          36          37   1.3220802411822514     
          35          38  0.11778406829410437     
          37          38   1.5533122808783104     
          30          39   1.2315023499505524     
          34          39   1.2547184756888290     
          38          39   1.2829540003428928     
           9          40   1.1785277683942406     
          31          40  0.97168298924377017     
          40          41  0.97191843115092547     
           6          42   1.3701949712602033     
          42          43   1.0313020461124613     
           2          44   1.4070761877134754     
          42          44   1.4142272158011480     
           1          45  0.97996786835882232     
           1          46  0.97875510053623938     
           1          47  0.95916121037009994     
           3          48  0.96457296885977128     
           5          49  0.96775207069456681     
           5          50  0.96333151267751993     
           5          51  0.98220111018589251     
          11          52  0.95002317651574231     
          12          53  0.97943326583944024     
          12          54  0.98006044600664610     
          12          55  0.96926313622270133     
          13          56  0.97825167343253872     
          13          57  0.98128611373350783     
          13          58  0.95897319718138518     
          15          59  0.94689127527601846     
          15          60  0.97499420932637326     
          15          61  0.97674016599593694     
          16          62  0.98032059261207660     
          16          63  0.97920442765170779     
          16          64  0.97806192324075247     
          17          65  0.97712038583328320     
          17          66  0.97909476315597532     
          17          67  0.97754891840945901     
          19          68  0.97061431731607462     
          19          69  0.97527829291629176     
          19          70  0.96325377820333813     
          21          71  0.96372439919834862     
          22          72  0.96629974475758051     
          24          73  0.96716680429114721     
          25          74  0.96947277815359523     
          26          75  0.96969946535798801     
          27          76  0.96548505869285517     
          32          77  0.96269694218549495     
          33          78  0.96628255922797401     
          35          79  0.96704619174652118     
          36          80  0.96952780678376926     
          37          81  0.96991989979081583     
          38          82  0.96467942657146999     
          41          83  0.97163536223041069     
          41          84  0.97772113080811629     
          41          85  0.96399102401429149     
          43          86  0.97647784792034309     
          43          87  0.96080109453770557     
          43          88  0.97384883151082802     
          44          89  0.96450978270408283     
