    0.02773102
   -0.24349339
    0.15278792
   -0.06808667
    0.01886387
   -0.10798628
    0.00672595
   -0.06829957
   -0.05266384
    0.50907680
   -0.16101501
    0.04400248
   -0.12042331
   -0.11993659
    0.04594087
   -0.12187440
   -0.12193696
   -0.26851620
    0.12817259
   -0.04865848
   -0.03005667
    0.01498487
   -0.02845425
   -0.01989745
   -0.02022610
   -0.02987682
    0.01378184
   -0.00856871
   -0.00891545
    0.12357461
   -0.04845989
   -0.02692584
    0.01630992
   -0.02769795
   -0.02039252
   -0.02143631
   -0.03147817
    0.01414486
   -0.26334935
    0.01979179
   -0.10965643
   -0.07965450
    0.04984449
    0.07709693
    0.05187948
    0.06521692
    0.04823764
    0.05492545
    0.05335043
    0.06304049
    0.05768413
    0.05780251
    0.06777138
    0.05698964
    0.06950531
    0.04384115
    0.06340589
    0.05206755
    0.06322919
    0.05822586
    0.05590524
    0.05422268
    0.07169691
    0.05845308
    0.06486643
    0.05339031
    0.05595624
    0.05320336
    0.04364686
    0.06117996
    0.06653043
    0.05434245
    0.05569788
    0.05213906
    0.04354253
    0.06639820
    0.06058180
    0.06176489
    0.05441498
