           1           2  0.97420152606998578     
           2           3   1.1062983776728956     
           3           4   1.3246370444419266     
           4           5   1.4577730969827840     
           5           6   1.0282459272003053     
           5           7   1.3423848433631607     
           7           8  0.98914022982570404     
           8           9   1.2145012443107979     
           9          10  0.91101480305697469     
          10          11   1.2417032777238064     
          11          12  0.93791277796807715     
          12          13   1.0027644336283552     
          12          14   1.0064272072530762     
          11          15  0.94206898097543146     
          15          16   1.0041759923996816     
          15          17   1.0082702400592425     
          10          18   1.2908949898782023     
          18          19  0.87706690112694385     
          19          20   1.2970936891765112     
          20          21   1.5449623360743308     
          21          22   1.2773765543602258     
          22          23   1.2797471816021480     
          23          24   1.5546841945243992     
          24          25   1.3234105471505688     
          23          26  0.11721398891583688     
          25          26   1.5500903995622977     
          22          27   1.2529628565057438     
          26          27   1.2875665985562907     
          19          28   1.4656687881948065     
          21          28  0.10812769320762056     
          27          28   1.2257744005703226     
          28          29   1.0347276840016766     
          29          30   1.4595564441997999     
          30          31   1.2999833654835025     
          29          32  0.10858543264428540     
          31          32   1.5403015273265293     
          32          33   1.2794114188197372     
          33          34   1.2789153247273568     
          34          35   1.5557410152157187     
          35          36   1.3223055315246557     
          34          37  0.11710945638267659     
          36          37   1.5506248655221253     
          29          38   1.2307081646152618     
          33          38   1.2511349531394522     
          37          38   1.2857173932227342     
          10          39   1.2903615409557054     
          30          39  0.88738317428881308     
           7          40   1.3664581709217485     
          40          41   1.0332125952774145     
           3          42   1.3547546610436869     
          40          42   1.4207184068102696     
           1          43  0.97591730977897484     
           1          44  0.97808508250847204     
           1          45  0.97591636136052073     
           4          46  0.96265613846961662     
           6          47  0.96416843996355883     
           6          48  0.98314780787201550     
           6          49  0.96881641783635986     
          12          50  0.95270576785383421     
          13          51  0.98028346815841882     
          13          52  0.98319318149930002     
          13          53  0.97851191795639680     
          14          54  0.98043475781984502     
          14          55  0.97952350640391472     
          14          56  0.96608701095716110     
          15          57  0.95561797020425598     
          16          58  0.97402415943968967     
          16          59  0.98037629589707698     
          16          60  0.98290973618689481     
          17          61  0.96321001207648793     
          17          62  0.97194656768126142     
          17          63  0.97751557567003045     
          20          64  0.95797839221884284     
          21          65  0.96471944103095042     
          23          66  0.96646807448549632     
          24          67  0.96875190139638945     
          25          68  0.96908874760369401     
          26          69  0.96472762871657058     
          31          70  0.96202764268403873     
          32          71  0.96483265809615171     
          34          72  0.96634255872519770     
          35          73  0.96877605284227453     
          36          74  0.96922417860918975     
          37          75  0.96454860719222968     
          41          76  0.96603442151556407     
          41          77  0.94041281140474131     
          41          78  0.98080001727624300     
          42          79  0.96087706708818754     
