   -0.03121368
   -0.12970515
    0.05375759
   -0.05435647
   -0.03422914
    0.01140666
   -0.03089216
   -0.02258130
   -0.02250752
   -0.03209417
    0.01163061
   -0.01198159
   -0.00962091
    0.05337507
   -0.04868259
   -0.03102402
    0.01338438
   -0.02988586
   -0.02316952
   -0.02419763
   -0.03397630
    0.01220358
   -0.12527063
   -0.03876241
    0.31417147
   -0.07822231
   -0.05062039
    0.03716143
   -0.03245195
   -0.02411436
   -0.02365266
   -0.02389099
   -0.03233045
   -0.14666785
    0.08278939
   -0.13365861
   -0.12534158
   -0.07252013
   -0.06220961
   -0.06771000
    0.08615608
   -0.12875371
   -0.12063935
    0.05314877
    0.06230953
    0.06752866
    0.03934775
    0.05136591
    0.04695017
    0.04995740
    0.04730861
    0.03801740
    0.04404787
    0.05362606
    0.04817429
    0.04936201
    0.04474056
    0.03472164
    0.07223899
    0.05461915
    0.06923426
    0.05014500
    0.05596522
    0.05660719
    0.05301636
    0.04644911
    0.06618702
    0.06499738
    0.04870269
    0.05060965
    0.05728430
    0.06690116
    0.05169924
    0.05922233
    0.05123100
    0.04844398
    0.03718712
    0.05649746
    0.05395001
    0.06423973
    0.05629797
    0.06120856
    0.04468123
    0.05267600
