           1           2  0.97320535650064055     
           2           3  0.98959007082904116     
           3           4   1.2740759699895534     
           4           5   1.5575861617951248     
           5           6   1.2731861293987621     
           6           7   1.2805028689180917     
           7           8   1.5544840815344101     
           8           9   1.3230585231752028     
           7          10  0.11742694724841533     
           9          10   1.5522807414677844     
           6          11   1.2542266014935661     
          10          11   1.2848122784809661     
           3          12   1.4463543068417819     
           5          12  0.10556005925010446     
          11          12   1.2323581501246013     
          12          13   1.0304327807774436     
          13          14   1.4537306405188604     
          14          15   1.2834098841473898     
          13          16  0.10552498691421695     
          15          16   1.5556365158272207     
          16          17   1.2732147986911773     
          17          18   1.2795796691198913     
          18          19   1.5552882012292708     
          19          20   1.3224694631610214     
          18          21  0.11740569049332480     
          20          21   1.5518811304640516     
          13          22   1.2323715085325795     
          17          22   1.2543507077732450     
          21          22   1.2823508095499785     
          14          23  0.97613546748065072     
          23          24  0.97234452831958529     
           2          25   1.1845318074498223     
          23          25   1.1858204873568536     
          25          26  0.94173624458255945     
          26          27   1.1846573959393187     
          27          28  0.98131559020999581     
          28          29   1.4042402859857683     
          29          30   1.4429678619020430     
          28          31  0.10230500547002624     
          30          31   1.4332299049189607     
          29          32  0.10950322962602124     
          31          32   1.4379063758440753     
          28          33   1.4015778076994962     
          30          33  0.10851771596310741     
          32          33   1.4396178781729019     
          25          34   1.2672342687380698     
          34          35  0.91562760803490584     
          35          36  0.99472846044340235     
          35          37  0.99913912747123457     
          35          38  0.98180274439215376     
          38          39   1.0050578103985002     
          39          40   1.0045164144763439     
          34          41  0.90761217407181860     
          40          41  0.98186019741610453     
          41          42  0.99687290837882925     
          41          43  0.99253993980076061     
           1          44  0.97224217372999167     
           1          45  0.96076779792854283     
           1          46  0.97681164428053457     
           4          47  0.96238753944622624     
           5          48  0.96625360996818599     
           7          49  0.96713154341231089     
           8          50  0.96943770627412729     
           9          51  0.96969954516613877     
          10          52  0.96539209611259524     
          15          53  0.96204124587053030     
          16          54  0.96621487610702106     
          18          55  0.96698791716680776     
          19          56  0.96946953285327853     
          20          57  0.96992044403426381     
          21          58  0.96498071219083237     
          24          59  0.97735592037533547     
          24          60  0.97122979153005629     
          24          61  0.95951996678475038     
          29          62  0.96584135199697296     
          30          63  0.96759911648559127     
          31          64  0.96894211690390497     
          32          65  0.96795324903553270     
          33          66  0.96450114835238987     
          36          67  0.97729424719311198     
          36          68  0.95708208368911696     
          36          69  0.97799132980068304     
          37          70  0.95947212719636343     
          37          71  0.97999770689023935     
          37          72  0.97878833136145083     
          38          73  0.96821591362839687     
          38          74  0.96985164063809748     
          39          75  0.97826015916299669     
          39          76  0.97854171866629813     
          40          77  0.96850002228052334     
          40          78  0.97074074728751736     
          42          79  0.97544250685886758     
          42          80  0.97646529515488512     
          42          81  0.94752579952628191     
          43          82  0.98007682949647168     
          43          83  0.97830140682128852     
          43          84  0.97509511433450347     
