   -0.11723353
   -0.01312849
   -0.10822843
   -0.00870300
   -0.14260341
    0.00612368
   -0.01378953
   -0.11425355
   -0.11464619
    0.28923837
   -0.05789586
   -0.07333512
    0.01546754
    0.01091556
   -0.01222481
   -0.10606803
   -0.10603255
   -0.03525504
   -0.02709500
   -0.04026320
    0.00741336
   -0.01155736
   -0.10304499
   -0.10561716
   -0.11567576
   -0.04433394
    0.05609043
   -0.04717096
   -0.03039240
    0.01306439
   -0.03160646
   -0.02379395
   -0.02415560
   -0.03313472
    0.01324780
   -0.01047245
   -0.00845048
    0.05199421
   -0.05091112
   -0.03525293
    0.01206205
   -0.03085585
   -0.02183546
   -0.02242835
   -0.03184707
    0.01068986
   -0.13350247
   -0.02561290
    0.05118830
    0.05454044
    0.04301162
    0.02773969
    0.03242878
    0.04915790
    0.04824967
    0.06087364
    0.07340930
    0.05389393
    0.03912212
    0.04335384
    0.05648486
    0.03727871
    0.04425308
    0.04036822
    0.05906000
    0.04248255
    0.04008771
    0.04688763
    0.02907963
    0.04724667
    0.04633160
    0.04848743
    0.04042869
    0.05394516
    0.05168703
    0.05490839
    0.03269201
    0.03825215
    0.04669340
    0.04756565
    0.03929775
    0.03109416
    0.04841907
    0.05932458
    0.07991146
    0.07372300
    0.04790605
    0.05300759
    0.04599035
    0.04901951
    0.04576102
    0.03629757
    0.03885442
    0.05128619
    0.04783285
    0.05152247
    0.04884058
    0.04000249
    0.05013250
    0.05903608
    0.06765141
