           1           2   1.0066654876461953     
           2           3   1.0103134200627035     
           2           4  0.98589968197068700     
           4           5  0.96449936188293273     
           5           6  0.95123082009652915     
           6           7  0.98647022358104552     
           7           8   1.0106358715642390     
           7           9   1.0032871614942056     
           5          10   1.2209390349968052     
          10          11   1.0530541046093358     
          11          12   1.1075655494237933     
          12          13  0.97824177874008555     
          13          14   1.3812334106664850     
          14          15   1.0021057364686783     
          15          16  0.99466688989127883     
          15          17  0.99236660481389405     
          14          18   1.4021151631349087     
          18          19   1.4449465624056621     
          14          20  0.10331684373582997     
          19          20   1.4310398962886342     
          13          21   1.3620932066772393     
          18          21  0.10317453850128799     
          20          21   1.4154026414166312     
          21          22   1.0031552163052464     
          22          23  0.98656938514180670     
          22          24   1.0068182239376797     
          10          25   1.2233882285479036     
          25          26  0.96866297285011038     
          25          27  0.99177375743037610     
          27          28   1.2824554539049626     
          28          29   1.5585597297734606     
          29          30   1.2712684979167215     
          30          31   1.2805089559510923     
          31          32   1.5539568575818643     
          32          33   1.3233379229040219     
          31          34  0.11761450847528536     
          33          34   1.5514300215132415     
          30          35   1.2543580840096944     
          34          35   1.2840209075989124     
          27          36   1.4497517943420892     
          29          36  0.10534812775975949     
          35          36   1.2312256775355848     
          36          37   1.0333943641957930     
          37          38   1.4508488406415254     
          38          39   1.2851268106738118     
          37          40  0.10362647445019899     
          39          40   1.5569476628990992     
          40          41   1.2711287063748222     
          41          42   1.2826750209512026     
          42          43   1.5525025600393603     
          43          44   1.3243981135455942     
          42          45  0.11695149422547670     
          44          45   1.5506201585679125     
          37          46   1.2316838263279455     
          41          46   1.2537578293919620     
          45          46   1.2862036204342573     
          10          47   1.1822851477251739     
          38          47  0.95828638335151617     
          47          48  0.97532979933140396     
           1          49  0.98487254672047775     
           1          50  0.98400187556161534     
           1          51  0.98377126527958381     
           2          52  0.94529386311168084     
           3          53  0.97885602450597209     
           3          54  0.98431390879714054     
           3          55  0.98429353403655406     
           4          56  0.95253947963680474     
           4          57  0.95959560091365415     
           6          58  0.95321145956852549     
           6          59  0.95978533727616622     
           7          60  0.96217059613129663     
           8          61  0.98329585895971261     
           8          62  0.98190942438127560     
           8          63  0.98422896210625321     
           9          64  0.98579746230648824     
           9          65  0.98347653749976593     
           9          66  0.98591726716330730     
          15          67  0.95341402315612178     
          16          68  0.98454400775672890     
          16          69  0.98492343853150688     
          16          70  0.98342714051995817     
          17          71  0.98305682137925543     
          17          72  0.98360617418111285     
          17          73  0.98679760479987744     
          18          74  0.96207409966540758     
          19          75  0.96853391541482492     
          20          76  0.96240902666573014     
          22          77  0.95170800222954299     
          23          78  0.97915297829864867     
          23          79  0.98071962563870452     
          23          80  0.98581692232444307     
          24          81  0.98298996079337342     
          24          82  0.98367112768743747     
          24          83  0.98277016744749901     
          26          84  0.97205692936822785     
          26          85  0.95839161686434038     
          26          86  0.97727832412591198     
          28          87  0.96302059404517482     
          29          88  0.96596180176236612     
          31          89  0.96707080483525942     
          32          90  0.96950486951463155     
          33          91  0.96985039193877676     
          34          92  0.96512852253922365     
          39          93  0.96128324979925006     
          40          94  0.96644534279017147     
          42          95  0.96705535570852952     
          43          96  0.96928868927337719     
          44          97  0.96953982763348834     
          45          98  0.96554958030704863     
          48          99  0.97335372092522510     
          48         100  0.96717645576607147     
          48         101  0.97347004224096845     
