   -0.10826606
   -0.05851938
    0.03664146
   -0.00426888
   -0.03743657
   -0.02843271
   -0.02495331
   -0.02522791
   -0.03582516
   -0.14578323
    0.04413638
   -0.12635908
   -0.12641240
    0.30780488
   -0.02733022
   -0.03372717
    0.03797416
   -0.02761931
   -0.01594814
   -0.01747428
   -0.02005427
   -0.02811323
    0.49086688
   -0.21833621
   -0.19131778
   -0.19337789
   -0.13874923
   -0.03249415
    0.05125025
   -0.05467887
   -0.03479530
    0.01129359
   -0.03073562
   -0.02211055
   -0.02222543
   -0.03213578
    0.01159191
   -0.01109156
   -0.01044890
    0.05356047
   -0.04823278
   -0.03230473
    0.01165434
   -0.03073251
   -0.02365667
   -0.02471576
   -0.03509066
    0.01017707
   -0.12343227
   -0.04164071
    0.04933141
    0.04218632
    0.05403160
    0.04031901
    0.04771540
    0.05191927
    0.04257475
    0.04889076
    0.05120803
    0.04638953
    0.02624749
    0.07205064
    0.06887904
    0.04807058
    0.06148729
    0.05685414
    0.06886278
    0.05282657
    0.06620348
    0.06971241
    0.07594345
    0.08282889
    0.05454616
    0.06606668
    0.06286624
    0.04132255
    0.05225229
    0.04796975
    0.05128494
    0.04847700
    0.03919189
    0.04711948
    0.05549103
    0.04917895
    0.05043694
    0.04576465
    0.03612152
    0.05668808
    0.07171029
    0.07608199
