           1           2   1.0199504957613741     
           2           3  0.97215900540111211     
           3           4  0.98839808350349945     
           4           5   1.4086647390802944     
           5           6   1.4408639424392864     
           4           7  0.10988962483681447     
           6           7   1.4405671571073104     
           5           8  0.11001320613916404     
           7           8   1.4362046851621988     
           4           9   1.4047295012901775     
           6           9  0.11094206734434883     
           8           9   1.4479504523014750     
           3          10  0.92305004558597747     
          10          11  0.93846337285080683     
          11          12   1.0052524065839679     
          11          13   1.0070605074305525     
          10          14   1.2613490605980502     
          14          15  0.99577727628213819     
          15          16   1.1619064365941929     
          16          17  0.99233987309405947     
          17          18   1.4030615773604005     
          18          19   1.4402068286639840     
          17          20  0.10193179129260073     
          19          20   1.4349331385814437     
          18          21  0.10500918531379119     
          20          21   1.4356938359287077     
          17          22   1.3782155374897145     
          19          22  0.10478434382340317     
          21          22   1.4150002603882543     
          22          23  0.94868432649511425     
          23          24  0.92360018955904022     
          23          25  0.96434443467660691     
          23          26  0.95791552252409684     
          14          27   1.1814613695232332     
          27          28  0.97376232763170611     
          27          29  0.97126662254361840     
          29          30   1.2786758458855436     
          30          31   1.5573995954498150     
          31          32   1.2730529908849975     
          32          33   1.2809679872421060     
          33          34   1.5540410906862063     
          34          35   1.3233073106240989     
          33          36  0.11734342823626116     
          35          36   1.5520431687125695     
          32          37   1.2536452514146910     
          36          37   1.2848309345884619     
          29          38   1.4526248412639375     
          31          38  0.10500387188529599     
          37          38   1.2333139812663023     
          38          39   1.0294648478252726     
          39          40   1.4573203411074043     
          40          41   1.2829024129141477     
          39          42  0.10469619765039180     
          41          42   1.5598334775210889     
          42          43   1.2711338203347846     
          43          44   1.2816408969084838     
          44          45   1.5534633295368487     
          45          46   1.3238884906215369     
          44          47  0.11737990480581144     
          46          47   1.5517174558093438     
          39          48   1.2300000462219451     
          43          48   1.2535005611193757     
          47          48   1.2833164152519736     
          14          49   1.2112635965107859     
          40          49  0.97582823826913656     
          49          50  0.96783146527616004     
           1          51  0.98380878010992856     
           1          52  0.97821251830431466     
           1          53  0.98272860591895761     
           2          54  0.97024566226362752     
           2          55  0.97422081061952470     
           3          56  0.92265085235898359     
           5          57  0.96280915173298509     
           6          58  0.96972572255622635     
           7          59  0.96973387709840764     
           8          60  0.96967399116610831     
           9          61  0.96706279114366334     
          11          62  0.94500753067417165     
          12          63  0.97865359318379119     
          12          64  0.97976345497182682     
          12          65  0.96493663894132675     
          13          66  0.96554130198663901     
          13          67  0.97850564514537708     
          13          68  0.97950242874554760     
          18          69  0.95958943525204177     
          19          70  0.96583771328120949     
          20          71  0.96592697566638430     
          21          72  0.96208935873210688     
          28          73  0.97210899377731153     
          28          74  0.97830711939598169     
          28          75  0.96354710578011082     
          30          76  0.96287055411589306     
          31          77  0.96619660589162182     
          33          78  0.96702461392424877     
          34          79  0.96930368481972318     
          35          80  0.96958824264973364     
          36          81  0.96532177614870296     
          41          82  0.96313400885755485     
          42          83  0.96604346736156965     
          44          84  0.96691811434836239     
          45          85  0.96938927344111525     
          46          86  0.96982987315102254     
          47          87  0.96552356562567165     
          50          88  0.97301081003834433     
          50          89  0.96018356797223736     
          50          90  0.97683127629438882     
