   -0.13026754
    0.04357301
   -0.12327607
   -0.13643100
    0.04171148
   -0.11534883
   -0.00889488
   -0.03369570
   -0.02578860
   -0.02416472
   -0.02651671
   -0.03739564
    0.29292219
   -0.04462164
   -0.03773160
    0.03890816
   -0.02972388
   -0.01685970
   -0.01880426
   -0.02041847
   -0.02894363
    0.49049682
   -0.21794116
   -0.19242482
   -0.19360297
   -0.12857959
   -0.03354984
    0.05172392
   -0.05212170
   -0.03307427
    0.01266293
   -0.03042789
   -0.02200962
   -0.02231971
   -0.03275912
    0.01209313
   -0.00966012
   -0.00724210
    0.05123493
   -0.04423439
   -0.03008143
    0.01400198
   -0.02938762
   -0.02272324
   -0.02429407
   -0.03468424
    0.01130046
   -0.11934317
   -0.03993888
    0.06554952
    0.05860548
    0.06662908
    0.06695309
    0.05198352
    0.07331465
    0.05441202
    0.05349462
    0.04763497
    0.06233121
    0.05971435
    0.04048080
    0.05139594
    0.05214161
    0.04494748
    0.02514860
    0.06509869
    0.06958908
    0.07507891
    0.08176683
    0.05774903
    0.06153524
    0.06669744
    0.03941328
    0.05312590
    0.04835310
    0.05131403
    0.04836794
    0.03877033
    0.04389239
    0.05754699
    0.05084984
    0.05172634
    0.04663622
    0.03718870
    0.06002389
    0.07120489
    0.06798782
