           1           2   1.0045480761659276     
           2           3   1.0079647090689510     
           2           4  0.93651676260585304     
           4           5  0.91723699950686499     
           5           6   1.0035464841158619     
           5           7  0.98662259970685295     
           7           8   1.4166338299948942     
           8           9   1.4398908460380395     
           7          10  0.10983339430271978     
           9          10   1.4417574153225510     
           8          11  0.10997660624906315     
          10          11   1.4354749353905487     
           7          12   1.4047143280120535     
           9          12  0.11129141188392982     
          11          12   1.4470226269941833     
           4          13   1.2819116012592982     
          13          14  0.94886108114804757     
          14          15   1.1766640615890911     
          15          16  0.99764508666492069     
          16          17   1.3960838727108118     
          17          18   1.4440915830206216     
          16          19  0.10140685702663715     
          18          19   1.4313116586244705     
          17          20  0.10544347004482219     
          19          20   1.4385954170979514     
          16          21   1.3788345447630508     
          18          21  0.10401742183919992     
          20          21   1.4120298102533697     
          21          22  0.94897194303109789     
          22          23  0.92442735188870606     
          22          24  0.96309908088869056     
          22          25  0.95703864561616458     
          13          26   1.2137965830400339     
          26          27  0.97388769174451983     
          26          28  0.97568354237094301     
          28          29   1.2842456006320135     
          29          30   1.5551372480232799     
          30          31   1.2745507172089185     
          31          32   1.2800606204190093     
          32          33   1.5548714256166272     
          33          34   1.3228856112429965     
          32          35  0.11748650750931945     
          34          35   1.5524377522441444     
          31          36   1.2539407549666897     
          35          36   1.2846738618133915     
          28          37   1.4563532882572163     
          30          37  0.10569485456208337     
          36          37   1.2330443529685302     
          37          38   1.0308787622693796     
          38          39   1.4560868660070156     
          39          40   1.2886489837515944     
          38          41  0.10578845888168439     
          40          41   1.5541906356728230     
          41          42   1.2729600353891763     
          42          43   1.2809156521947385     
          43          44   1.5544789157328529     
          44          45   1.3231108056638330     
          43          46  0.11718349024378286     
          45          46   1.5507240951038967     
          38          47   1.2339245268450598     
          42          47   1.2535101398902264     
          46          47   1.2819079473715620     
          13          48   1.2246150273914724     
          39          48  0.96077541156283375     
          48          49  0.97240607401982437     
           1          50  0.96504368638654403     
           1          51  0.98057585144776249     
           1          52  0.97896425136393750     
           2          53  0.95090909375591970     
           3          54  0.98086368916079669     
           3          55  0.97752360216148981     
           3          56  0.95754627177689944     
           5          57  0.93686591775847639     
           6          58  0.98025990352420866     
           6          59  0.97875459533182285     
           6          60  0.97779320787393753     
           8          61  0.96232470954732308     
           9          62  0.96950021916611662     
          10          63  0.96962877379617529     
          11          64  0.96987256204145889     
          12          65  0.96459969159375514     
          17          66  0.95949116816551483     
          18          67  0.96583974080708535     
          19          68  0.96604184084026035     
          20          69  0.96227060128732966     
          27          70  0.97100760150108334     
          27          71  0.97787821936009389     
          27          72  0.96144448210853817     
          29          73  0.96161877111922567     
          30          74  0.96611769762710287     
          32          75  0.96696759614524430     
          33          76  0.96928230121512327     
          34          77  0.96960907439952371     
          35          78  0.96499764156453727     
          40          79  0.96333984344472556     
          41          80  0.96582823846838151     
          43          81  0.96676271591288165     
          44          82  0.96925130542277871     
          45          83  0.96974960602162286     
          46          84  0.96557412006196031     
          49          85  0.97519564831150773     
          49          86  0.97563360000169397     
          49          87  0.96447347900280977     
