   -0.12726828
    0.03769375
   -0.12922516
   -0.14956041
    0.08596186
   -0.12974289
   -0.12403050
   -0.12063609
    0.32904039
   -0.07183065
   -0.04009932
    0.04131990
   -0.02036372
   -0.01755960
   -0.01668910
    0.00651044
    0.54961332
   -0.38584334
   -0.35420312
   -0.02775264
   -0.12152138
   -0.04162751
    0.04994181
   -0.05065686
   -0.03189409
    0.01193650
   -0.03143233
   -0.02295108
   -0.02316019
   -0.03642574
    0.01041744
   -0.01080621
   -0.01073915
    0.05239774
   -0.05191930
   -0.02979749
    0.01517717
   -0.02927290
   -0.02165704
   -0.02197645
   -0.03213988
    0.01392513
   -0.13542285
   -0.03065589
    0.05371941
    0.05718248
    0.07000541
    0.07352660
    0.05105477
    0.05937552
    0.06673253
    0.05740230
    0.06657352
    0.05860747
    0.04853926
    0.06814257
    0.05673538
    0.06501952
    0.04170007
    0.05212792
    0.07466490
    0.07924061
    0.09729392
    0.09003894
    0.07095796
    0.07615753
    0.05624975
    0.04318454
    0.05334859
    0.04717225
    0.04972281
    0.05014683
    0.05483225
    0.03800886
    0.05475680
    0.04918094
    0.05113518
    0.04774067
    0.03779195
    0.05268024
    0.06689072
    0.05728479
