           1           2   1.0079451267583679     
           2           3   1.0053827710579999     
           2           4  0.93367069325018648     
           4           5  0.90506649295468955     
           5           6  0.99978793031776569     
           5           7  0.99260914223563579     
           5           8  0.99679852256260637     
           4           9   1.2631822019386405     
           9          10  0.94000921505554846     
          10          11   1.1755594833234928     
          11          12  0.98002689411690702     
          12          13   1.4009167197867183     
          13          14   1.4381386244037113     
          14          15   1.4387884726639684     
          15          16   1.3899421432115684     
          16          17  0.94710295662764332     
          17          18   1.4465063233562820     
          17          19   1.4775938111873304     
          18          19  0.37369373847320791     
          12          20   1.4193890815790413     
          14          20  0.10643513725750317     
          16          20   1.3885681466651776     
           9          21   1.2058419744299202     
          21          22  0.97056521069303359     
          21          23  0.97123158254125463     
          23          24   1.2836015565593462     
          24          25   1.5558370533966803     
          25          26   1.2731043512939773     
          26          27   1.2802669091655967     
          27          28   1.5539167334340951     
          28          29   1.3237520678730115     
          27          30  0.11708768799552255     
          29          30   1.5494019433091117     
          26          31   1.2535658090394999     
          30          31   1.2821460984774904     
          23          32   1.4557754647865395     
          25          32  0.10450998492230881     
          31          32   1.2287612844298845     
          32          33   1.0318370194982254     
          33          34   1.4500065493679428     
          34          35   1.2757689804692010     
          33          36  0.10557127827974581     
          35          36   1.5556931745612059     
          36          37   1.2740112570742557     
          37          38   1.2800409635042120     
          38          39   1.5546912110903222     
          39          40   1.3230558097616656     
          38          41  0.11739057347759160     
          40          41   1.5519021268848816     
          33          42   1.2300789455037033     
          37          42   1.2543807574858574     
          41          42   1.2853377366226433     
           9          43   1.1857234187288108     
          34          43  0.97852825535503130     
          43          44  0.97507974878286230     
           1          45  0.98118520959177957     
           1          46  0.96271874297037074     
           1          47  0.97797776545597714     
           2          48  0.94934961214646696     
           3          49  0.97892524031976824     
           3          50  0.96436883224729597     
           3          51  0.97898055904181402     
           6          52  0.94545681844797813     
           6          53  0.97603973841663094     
           6          54  0.97517604625266707     
           7          55  0.97856178959523388     
           7          56  0.97688503859737630     
           7          57  0.97690939826284595     
           8          58  0.97856584419394488     
           8          59  0.97716555857741749     
           8          60  0.98038620952907141     
          13          61  0.96487073174844906     
          14          62  0.96405080839594670     
          15          63  0.95804938208333024     
          20          64  0.94948464926875886     
          22          65  0.96254510538089677     
          22          66  0.97693621666656472     
          22          67  0.97279395706166683     
          24          68  0.96267188796563141     
          25          69  0.96619011934794230     
          27          70  0.96704266695753249     
          28          71  0.96936339083731959     
          29          72  0.96940275500975071     
          30          73  0.96119908238480201     
          35          74  0.96377999893339583     
          36          75  0.96589603730203244     
          38          76  0.96689156291274525     
          39          77  0.96930247378445544     
          40          78  0.96965757649688933     
          41          79  0.96528052450204971     
          44          80  0.96905864997135338     
          44          81  0.97576084765972526     
          44          82  0.96401749588317687     
