   -0.03475558
   -0.11459368
    0.05306997
   -0.04768761
   -0.03285929
    0.01258343
   -0.03081446
   -0.02267543
   -0.02324717
   -0.03268029
    0.01202083
   -0.00741356
   -0.01018570
    0.05299855
   -0.05170050
   -0.03441840
    0.01136758
   -0.03097629
   -0.02271626
   -0.02290524
   -0.03165056
    0.01193217
   -0.13293382
   -0.03146395
    0.30211653
   -0.05245199
   -0.04910175
    0.03629116
   -0.03045152
   -0.02353226
   -0.02148058
   -0.02246508
   -0.03091282
   -0.12776046
    0.05786180
   -0.04138802
   -0.02256341
   -0.02283703
   -0.02839267
    0.00865663
   -0.03553933
   -0.03771264
    0.00729249
   -0.03025425
   -0.02515020
   -0.02405159
   -0.04426554
    0.06086439
    0.07759089
    0.06838005
    0.05781223
    0.04826055
    0.05436554
    0.04855767
    0.05045167
    0.04676454
    0.03719913
    0.03945280
    0.05051431
    0.04658064
    0.05119742
    0.04889896
    0.03936731
    0.06133877
    0.07231760
    0.05105491
    0.05444468
    0.05838418
    0.05813915
    0.05237482
    0.04858067
    0.04516800
    0.05924180
    0.06153862
    0.05759630
    0.05220386
    0.04799603
    0.05602611
    0.05804020
    0.05368768
    0.04540632
