           1           2  0.96943467765593383     
           2           3  0.97317543439623777     
           3           4   1.2844035831967617     
           4           5   1.5587778406425838     
           5           6   1.2699897934325040     
           6           7   1.2818436025263087     
           7           8   1.5528767004166053     
           8           9   1.3245329251365419     
           7          10  0.11723518734026679     
           9          10   1.5508988367377616     
           6          11   1.2536354270774430     
          10          11   1.2860254050152076     
           3          12   1.4582952973604384     
           5          12  0.10486650505670929     
          11          12   1.2297479647642129     
          12          13   1.0312863377256709     
          13          14   1.4517382605400220     
          14          15   1.2877605728229278     
          13          16  0.10522818126025806     
          15          16   1.5553155390293163     
          16          17   1.2723674590509846     
          17          18   1.2817581112876002     
          18          19   1.5536754261512717     
          19          20   1.3235603602953887     
          18          21  0.11716507525272254     
          20          21   1.5516436455149647     
          13          22   1.2335402339196986     
          17          22   1.2535065122666778     
          21          22   1.2853204276317245     
          14          23  0.96162020666092030     
          23          24  0.97090370936336301     
           2          25   1.2319051631286630     
          23          25   1.1949165519019895     
          25          26   1.0338530145765457     
          26          27   1.1389646877754029     
          27          28  0.97485351937308395     
          28          29   1.4046338282153015     
          29          30   1.4431868805298997     
          28          31  0.10278360848548211     
          30          31   1.4327525209054497     
          29          32  0.10992863706525806     
          31          32   1.4393555365330784     
          28          33   1.4077241350676262     
          30          33  0.10873789684050622     
          32          33   1.4379481197789736     
          25          34   1.2296883329034798     
          34          35  0.95138272789969724     
          35          36   1.4077498644178825     
          36          37   1.4353078011753519     
          37          38   1.4233390906845218     
          36          39  0.10327286412941256     
          38          39   1.4607602273164524     
          35          40   1.3376903076351976     
          39          40   1.3640473347634374     
          40          41   1.1006877607862049     
          41          42   1.7718893336227621     
          42          43   1.1007293511505709     
          43          44   1.3643113342833222     
          44          45   1.4617719647873146     
          45          46   1.4215158063852857     
          44          47  0.10296826101560488     
          46          47   1.4363809283024931     
          34          48  0.95471538912515885     
          43          48   1.3345106630483592     
          47          48   1.4069184716459588     
           1          49  0.97638907516665441     
           1          50  0.96141133583234872     
           1          51  0.97316977801459803     
           4          52  0.96372882026506157     
           5          53  0.96613889835433364     
           7          54  0.96696177342379241     
           8          55  0.96937852596748597     
           9          56  0.96974511972823352     
          10          57  0.96535515121118021     
          15          58  0.96298393248784153     
          16          59  0.96615197981163292     
          18          60  0.96715080516573826     
          19          61  0.96932847052419713     
          20          62  0.96956656220103599     
          21          63  0.96559822377567972     
          24          64  0.96607071737919736     
          24          65  0.97764163165324214     
          24          66  0.97087419284624621     
          29          67  0.96696040268648575     
          30          68  0.96735407666342155     
          31          69  0.96877440360678035     
          32          70  0.96807394296341653     
          33          71  0.96351076553446635     
          36          72  0.95827982111691046     
          37          73  0.96841259840927885     
          38          74  0.96748150661958987     
          39          75  0.96660638511168551     
          41          76  0.96112807045513415     
          42          77  0.96031190991537474     
          44          78  0.96684838121821692     
          45          79  0.96799378308226847     
          46          80  0.96909528625641750     
          47          81  0.95869876776732221     
