    0.03015379
   -0.24861393
    0.14945603
   -0.07607624
    0.01007005
   -0.01163247
   -0.10531104
   -0.10479526
    0.00278600
   -0.07849789
   -0.09022639
    0.27454161
   -0.14247413
    0.04477827
   -0.12205309
   -0.11715489
    0.08844226
   -0.12242515
   -0.12255028
   -0.12802892
   -0.12359596
   -0.03010436
    0.05406623
   -0.04762422
   -0.03512137
    0.01256487
   -0.03108127
   -0.02207383
   -0.02273305
   -0.03141421
    0.01194293
   -0.00735061
   -0.01426959
    0.05885484
   -0.04910932
   -0.03072180
    0.01194083
   -0.03190118
   -0.02451999
   -0.02450605
   -0.03416676
    0.01265730
   -0.11911886
   -0.03713146
    0.00721946
   -0.01030917
   -0.10672552
   -0.10328544
   -0.06862301
    0.05039944
    0.07522263
    0.04729034
    0.05410440
    0.04159084
    0.04002278
    0.04299026
    0.04783229
    0.02900376
    0.04357302
    0.04803492
    0.05762717
    0.06104084
    0.05090059
    0.04724227
    0.05980460
    0.04559916
    0.05482526
    0.06632618
    0.05237019
    0.05799787
    0.05534732
    0.05646147
    0.06119959
    0.05894101
    0.05133161
    0.06229980
    0.05273051
    0.06689214
    0.05897866
    0.03722115
    0.05137080
    0.04786649
    0.05099089
    0.04821803
    0.03933357
    0.04871518
    0.05151037
    0.04521565
    0.04798208
    0.04456699
    0.03427367
    0.06983298
    0.06524068
    0.07064942
    0.03320497
    0.03927349
    0.03156437
    0.04981073
    0.03826740
    0.04686436
    0.04760320
    0.06829481
