           1           2  0.97577463769150008     
           2           3   1.0989834506091438     
           3           4   1.3623955325427475     
           4           5   1.4153071364428331     
           5           6   1.0017695374866560     
           6           7  0.99330352649210285     
           6           8  0.99465326940399257     
           5           9   1.3750579603969297     
           9          10  0.99670852264853027     
          10          11   1.1074620754895441     
          11          12  0.99079178217663377     
          12          13   1.2609635208797938     
          13          14  0.93475625977647447     
          14          15  0.99905268235843170     
          14          16   1.0055564168578290     
          13          17  0.92289536181913767     
          17          18  0.99470926856471353     
          17          19  0.99536939644213740     
          17          20  0.99483799543496865     
          12          21   1.2031359582968311     
          21          22  0.97586821123664025     
          21          23  0.96077238038014423     
          23          24   1.2876047847656142     
          24          25   1.5515314758245575     
          25          26   1.2703663468869519     
          26          27   1.2824704432480059     
          27          28   1.5527245400287562     
          28          29   1.3242102898139683     
          27          30  0.11699565082661571     
          29          30   1.5507165953059046     
          26          31   1.2532486880346900     
          30          31   1.2864499796934146     
          23          32   1.4466009735107281     
          25          32  0.10546916498592344     
          31          32   1.2314311492805807     
          32          33   1.0317992853933882     
          33          34   1.4457484698302348     
          34          35   1.2780463370172321     
          33          36  0.10546961531583234     
          35          36   1.5586950530346728     
          36          37   1.2712119200079528     
          37          38   1.2802074312385998     
          38          39   1.5539633322510527     
          39          40   1.3235378142765699     
          38          41  0.11763294866677244     
          40          41   1.5514573856612157     
          33          42   1.2292577596429346     
          37          42   1.2546869818096165     
          41          42   1.2847915946356130     
          12          43   1.1917393859955188     
          34          43   1.0036815855759522     
          43          44  0.96951468849279188     
           9          45   1.3301650670627101     
          45          46   1.0022874853020058     
          46          47   1.0068424047582143     
          46          48  0.98680504535013502     
           3          49   1.3225623338150223     
          45          49   1.4619521172115757     
           1          50  0.97598725941823794     
           1          51  0.97824157361893049     
           1          52  0.97603565985656959     
           4          53  0.95732078784080743     
           6          54  0.95540691848398729     
           7          55  0.98685658374060825     
           7          56  0.98345072669244549     
           7          57  0.98387534615619376     
           8          58  0.98591841953937687     
           8          59  0.98385951264830995     
           8          60  0.98441311142032073     
          14          61  0.94179325457126506     
          15          62  0.98091623412129492     
          15          63  0.98225650325562375     
          15          64  0.97602091201877517     
          16          65  0.97955565151082924     
          16          66  0.97603022463056421     
          16          67  0.97549137605664948     
          18          68  0.97665519060097494     
          18          69  0.97156273411012650     
          18          70  0.94361942119385889     
          19          71  0.98159593936275191     
          19          72  0.97410649013307593     
          19          73  0.97854476966964588     
          20          74  0.97929302503543303     
          20          75  0.96563542883459952     
          20          76  0.97978685651323971     
          22          77  0.97467820738294209     
          22          78  0.97201756152022623     
          22          79  0.96672226611717371     
          24          80  0.96047078597061941     
          25          81  0.96651074441845042     
          27          82  0.96705315022142047     
          28          83  0.96935134309882942     
          29          84  0.96959239245992823     
          30          85  0.96581736365849469     
          35          86  0.96205583990605570     
          36          87  0.96591417949634972     
          38          88  0.96712145219753154     
          39          89  0.96958190841817893     
          40          90  0.96994970518181700     
          41          91  0.96481754649782459     
          44          92  0.95532501658582603     
          44          93  0.96902817815381903     
          44          94  0.97741805716232832     
          46          95  0.95259744938975222     
          47          96  0.98354370534487512     
          47          97  0.98239412990799169     
          47          98  0.98288414900099863     
          48          99  0.97988943002496631     
          48         100  0.98057948490367630     
          48         101  0.98581986296327639     
          49         102  0.95924262887161948     
