   -0.12290569
    0.04817305
   -0.12879304
   -0.16425935
    0.02656838
   -0.01236005
   -0.03229392
   -0.01806825
   -0.01775844
   -0.02244673
   -0.03735988
    0.48084083
   -0.19666111
   -0.18354361
   -0.19901520
    0.30561403
   -0.02472402
   -0.03437203
    0.03882236
   -0.02876218
   -0.01619090
   -0.01672293
   -0.01899290
   -0.02667076
    0.49072012
   -0.19584401
   -0.19158528
   -0.21418904
   -0.12284888
   -0.03875847
    0.04984471
   -0.04762427
   -0.03279648
    0.01351826
   -0.03044609
   -0.02130407
   -0.02200753
   -0.03182528
    0.01119559
   -0.00967486
   -0.01279030
    0.05301207
   -0.05192239
   -0.03432017
    0.01074156
   -0.03187703
   -0.02339913
   -0.02370483
   -0.03442803
    0.01073658
   -0.12112629
   -0.04651632
    0.07072197
    0.05488150
    0.05264720
    0.06008944
    0.05638039
    0.06433259
    0.05868245
    0.09053597
    0.05760034
    0.06471881
    0.06265270
    0.05621267
    0.04260338
    0.06648101
    0.07016410
    0.07759931
    0.08460902
    0.06715885
    0.07403255
    0.05749911
    0.05108377
    0.05826935
    0.05102992
    0.05346967
    0.05033897
    0.04005714
    0.05121085
    0.05470310
    0.04886505
    0.05111453
    0.04773450
    0.03726105
    0.06592364
    0.07829615
    0.07214114
