           1           2   1.0055380576950614     
           2           3   1.0068429885120431     
           2           4  0.91765161899417136     
           4           5  0.97015745623870120     
           5           6  0.97336909142856376     
           6           7   1.4012737164715916     
           7           8   1.4282884637915763     
           6           9  0.10591933667637013     
           8           9   1.4486846870018593     
           7          10  0.10562123822363935     
           9          10   1.4264799388738147     
           6          11   1.3974221876616619     
           8          11  0.11035923430695874     
          10          11   1.4540597560608703     
           5          12  0.93401911031291762     
          12          13  0.93265723112785315     
          12          14  0.97069030345864660     
          12          15  0.95095295983042649     
           4          16   1.1976693141929666     
          16          17   1.0138579678688382     
          17          18   1.1482655862126141     
          18          19  0.98997188276987447     
          19          20   1.4034310385308344     
          20          21   1.4399928345844144     
          19          22  0.10248271055564724     
          21          22   1.4347569508956368     
          20          23  0.10508843712861116     
          22          23   1.4356936545535417     
          19          24   1.3799134855473647     
          21          24  0.10464442961232652     
          23          24   1.4151752444238652     
          24          25  0.94836684266702065     
          25          26  0.95504872351195835     
          25          27  0.96331621470748574     
          25          28  0.92866590411353256     
          16          29   1.2319016852894511     
          29          30  0.96938844106209832     
          29          31  0.94994958647390570     
          31          32   1.2886928075012758     
          32          33   1.5473221484493855     
          33          34   1.2742575390382529     
          34          35   1.2814791654245938     
          35          36   1.5535825107666905     
          36          37   1.3234549012310339     
          35          38  0.11696301108654286     
          37          38   1.5511295371578873     
          34          39   1.2521334372288033     
          38          39   1.2860125160194609     
          31          40   1.4515721138907001     
          33          40  0.10560276879063044     
          39          40   1.2321126296759704     
          40          41   1.0306334052530950     
          41          42   1.4531309714933347     
          42          43   1.2807057480009576     
          41          44  0.10490829517590175     
          43          44   1.5581687752951399     
          44          45   1.2707496844228972     
          45          46   1.2808613896122032     
          46          47   1.5536172686374332     
          47          48   1.3239371232223700     
          46          49  0.11734306072263606     
          48          49   1.5513434339665093     
          41          50   1.2297336678252708     
          45          50   1.2547545681411132     
          49          50   1.2856973046848093     
          16          51   1.2086993632021157     
          42          51  0.99084792998614102     
          51          52  0.97097387736228291     
           1          53  0.97617964158546799     
           1          54  0.97862834819736344     
           1          55  0.97543754823857631     
           2          56  0.94512695766669075     
           3          57  0.98114803408263862     
           3          58  0.97771747501590878     
           3          59  0.97089732547392227     
           5          60  0.93971005313594180     
           7          61  0.96541846368432316     
           8          62  0.96782222293881137     
           9          63  0.96836057190805958     
          10          64  0.96878268618912089     
          11          65  0.96240266670594754     
          20          66  0.96131323689895154     
          21          67  0.96582596083314509     
          22          68  0.96570423985913623     
          23          69  0.96181315773729437     
          30          70  0.96771986320723036     
          30          71  0.97448721670550564     
          30          72  0.97698530831808283     
          32          73  0.96193505661946499     
          33          74  0.96567866470690644     
          35          75  0.96673751410066555     
          36          76  0.96907930841366530     
          37          77  0.96939711256248529     
          38          78  0.96585729281029520     
          43          79  0.96084383413386709     
          44          80  0.96600463077659782     
          46          81  0.96685451696460412     
          47          82  0.96927936827951966     
          48          83  0.96965024894318241     
          49          84  0.96470673912587923     
          52          85  0.96837961563306629     
          52          86  0.97649068968645159     
          52          87  0.95479619159526741     
