   -0.12656233
    0.03837586
   -0.12707025
   -0.14891804
    0.08596760
   -0.12341808
   -0.12886416
   -0.11965953
    0.32012415
   -0.07437792
   -0.05678972
    0.02980937
   -0.03396148
   -0.02811669
   -0.02503345
   -0.03117907
    0.00934024
    0.00694135
   -0.02882474
   -0.02530437
   -0.02606837
   -0.02833453
   -0.03651694
   -0.13118324
   -0.02782586
    0.05314949
   -0.05303606
   -0.03399591
    0.01177182
   -0.03088384
   -0.02254703
   -0.02254618
   -0.03193066
    0.01199235
   -0.01095037
   -0.00946161
    0.05351966
   -0.04866579
   -0.03097784
    0.01337447
   -0.02993209
   -0.02324358
   -0.02406945
   -0.03379170
    0.01250030
   -0.12595050
   -0.04046201
    0.05351538
    0.06820703
    0.05824276
    0.07140684
    0.05775767
    0.04955658
    0.06259253
    0.06672064
    0.05571474
    0.04819813
    0.05849954
    0.05682858
    0.06482198
    0.04098563
    0.06306250
    0.05176993
    0.04599569
    0.05060737
    0.05490211
    0.05440718
    0.03869325
    0.04438708
    0.04425824
    0.03999209
    0.02764288
    0.04865249
    0.06724209
    0.06238808
    0.03826520
    0.05181778
    0.04702687
    0.04997976
    0.04735674
    0.03843058
    0.04414248
    0.05339720
    0.04782928
    0.04915143
    0.04479126
    0.03507454
    0.05464555
    0.07485058
    0.06977839
