           1           2   1.0078659443351889     
           2           3   1.0049806882468710     
           2           4  0.93463172850695819     
           4           5  0.90846164919343486     
           5           6  0.99251758879645890     
           5           7  0.99946697961220277     
           5           8  0.99640136420653547     
           4           9   1.2598642967741509     
           9          10  0.97065278368831953     
          10          11   1.1702889014027746     
          11          12  0.98171218505485203     
          12          13   1.4022559374244112     
          13          14   1.4413899349887753     
          14          15   1.4267111983995528     
          13          16  0.10577502009157981     
          15          16   1.4477863693369948     
          12          17   1.3620057785133133     
          14          17  0.10262322954532827     
          16          17   1.3887471382430219     
          17          18   1.0340913414022452     
          18          19   1.3889134033544048     
          19          20   1.4477567053466167     
          18          21  0.10632403687497975     
          20          21   1.4355398703200035     
          19          22  0.10882180834739627     
          21          22   1.4358772844502130     
          18          23   1.3907001595137762     
          20          23  0.10887510952069565     
          22          23   1.4469342700482790     
           9          24   1.1852386924286060     
          24          25  0.97388409100771145     
          24          26  0.98610449058417549     
          26          27   1.2744016215499394     
          27          28   1.5579023823496150     
          28          29   1.2729674848841726     
          29          30   1.2806438921846215     
          30          31   1.5544008015976023     
          31          32   1.3231286909397746     
          30          33  0.11742828358773445     
          32          33   1.5522918170617801     
          29          34   1.2544311013083631     
          33          34   1.2848096156625357     
          26          35   1.4487857724293716     
          28          35  0.10546303729565401     
          34          35   1.2323163221979467     
          35          36   1.0304939695419026     
          36          37   1.4535503721643468     
          37          38   1.2841986441752833     
          36          39  0.10569470590913244     
          38          39   1.5554396578571035     
          39          40   1.2735406441323591     
          40          41   1.2795784956033227     
          41          42   1.5553950868898092     
          42          43   1.3224366344593315     
          41          44  0.11740407555330960     
          43          44   1.5519066873024836     
          36          45   1.2326331830005373     
          40          45   1.2543073393978539     
          44          45   1.2818227645566787     
           9          46   1.1851378180539460     
          37          46  0.97480404590657588     
          46          47  0.97126180246201543     
           1          48  0.98135932109769097     
           1          49  0.97825449410512699     
           1          50  0.96099242899969506     
           2          51  0.94992913878191942     
           3          52  0.96568420355846807     
           3          53  0.97920212072835411     
           3          54  0.97989716441012420     
           6          55  0.97743717989964918     
           6          56  0.97710082602706461     
           6          57  0.97914192152438817     
           7          58  0.97520871183736046     
           7          59  0.94658339937161839     
           7          60  0.97661175296829961     
           8          61  0.97788112071781919     
           8          62  0.97912578846984832     
           8          63  0.98037007777945173     
          13          64  0.96285658399845486     
          14          65  0.96822832625802202     
          15          66  0.96832746273543446     
          16          67  0.96609686507742543     
          19          68  0.96934455427050470     
          20          69  0.96957620410342027     
          21          70  0.97048880043161290     
          22          71  0.96991681603604951     
          23          72  0.96924975822722770     
          25          73  0.97064795243302537     
          25          74  0.97652023022369294     
          25          75  0.96098600138885593     
          27          76  0.96351164409954015     
          28          77  0.96622921233180947     
          30          78  0.96712170637787365     
          31          79  0.96943693534767716     
          32          80  0.96969440849432420     
          33          81  0.96534120373444854     
          38          82  0.96266396743368454     
          39          83  0.96625055150252648     
          41          84  0.96702186189691552     
          42          85  0.96949433137720253     
          43          86  0.96992417784350216     
          44          87  0.96501646579433997     
          47          88  0.97208781516934228     
          47          89  0.97728684251305098     
          47          90  0.96329032047008012     
