   -0.12002921
    0.07686604
   -0.27016254
    0.13148042
   -0.07752248
    0.01166754
   -0.03184748
   -0.02071946
   -0.02378313
   -0.02922781
    0.00408465
   -0.00979719
    0.10851976
   -0.26851359
    0.51045672
   -0.02570076
   -0.06948353
    0.00709106
    0.01987223
   -0.11445009
   -0.06859152
    0.15026608
   -0.24877098
    0.02952274
   -0.08023145
    0.01858240
   -0.10969194
   -0.16723937
    0.05098718
   -0.11758591
   -0.11855005
    0.05408516
   -0.12444460
   -0.11758796
   -0.25171191
    0.10646961
    0.12871304
   -0.25413602
    0.07496317
   -0.11904520
   -0.07429468
    0.01333644
   -0.03116221
   -0.02043188
   -0.02337479
   -0.02870051
    0.00554392
   -0.00718818
    0.05761688
    0.05825096
    0.05203103
    0.06304659
    0.03812041
    0.06273423
    0.04949511
    0.05422405
    0.05147018
    0.04350664
    0.05496481
    0.05321934
    0.06542226
    0.06146676
    0.04672061
    0.05085717
    0.07455448
    0.05104727
    0.05907443
    0.06933956
    0.05754293
    0.05851268
    0.05952348
    0.03810529
    0.06036212
    0.05609437
    0.05348516
    0.06097653
    0.05376647
    0.06448797
    0.06523992
    0.04654597
    0.06064896
    0.05853220
    0.05670614
    0.06622773
    0.04394738
    0.06104130
    0.05381237
    0.05963084
    0.06544750
    0.05060564
    0.05491873
    0.05229318
    0.04585064
