           1           2   1.0124300207083150     
           2           3  0.94982849134812430     
           3           4   1.0781301637268805     
           4           5   1.4606623709860431     
           5           6   1.2802414484892077     
           6           7   1.2799201141297498     
           7           8   1.5538049879765052     
           8           9   1.3231348904977291     
           7          10  0.11652024164341783     
           9          10   1.5496301349153436     
           6          11   1.2493977498191935     
          10          11   1.2866007339454575     
          11          12   1.2287730279032087     
           4          13   1.2245742880994046     
          12          13   1.4717691245484761     
          13          14  0.90498463979104193     
          14          15   1.2369040053328881     
          15          16  0.94799740469907690     
          16          17   1.2074439895597286     
          17          18  0.97968659736921071     
          18          19   1.3493141661826022     
          19          20   1.0290109648479537     
          19          21   1.4508371417856289     
          21          22   1.3312559645391362     
          22          23   1.0976405823993167     
          23          24  0.97623915048971699     
          22          25   1.3577305249994840     
          18          26   1.3710991031041433     
          25          26   1.4183166334045469     
          26          27   1.0326349053500736     
          15          28   1.2352788687276512     
          28          29  0.93818406545054878     
          29          30   1.0003664970333248     
          29          31   1.0067062293706588     
          28          32  0.94073031707891142     
          32          33   1.0036103608976430     
          32          34   1.0053010043827038     
          15          35   1.3142371463077569     
          35          36  0.89839843116468765     
          36          37   1.2258534437714061     
          37          38   1.0679822600685900     
          38          39  0.94331162311268069     
          39          40   1.0124814383755636     
          37          41   1.4669148690083884     
          41          42   1.2767053193522115     
          42          43   1.2819325324708726     
          43          44   1.5519997580236229     
          44          45   1.3249775038970086     
          43          46  0.11634315392496718     
          45          46   1.5476675533593096     
          42          47   1.2496553032057145     
          46          47   1.2896369980864912     
          12          48   1.0314710226609418     
          36          48   1.4790919251902994     
          47          48   1.2243063011656232     
           1          49  0.98447344541922255     
           1          50  0.98213131480678018     
           1          51  0.98332602016036297     
           2          52  0.96933741511804183     
           2          53  0.96731130847451241     
           5          54  0.95879737865851900     
           7          55  0.96684178617396666     
           8          56  0.96903988825311438     
           9          57  0.96931722942531051     
          10          58  0.96518348789610808     
          20          59  0.97300814657132539     
          20          60  0.98108299973658264     
          20          61  0.95589589097679972     
          21          62  0.96335268798047036     
          24          63  0.97621195711552955     
          24          64  0.97611591750901927     
          24          65  0.97837575638045826     
          25          66  0.96127385892811079     
          27          67  0.98169742784623026     
          27          68  0.96543032916361438     
          27          69  0.94024487555090730     
          29          70  0.95120401299057278     
          30          71  0.98086921998816423     
          30          72  0.98290943599593361     
          30          73  0.98132944202014027     
          31          74  0.97865334248386004     
          31          75  0.98275387908421852     
          31          76  0.97970681525532100     
          32          77  0.93291402195915163     
          33          78  0.98082093715134056     
          33          79  0.97910611163371675     
          33          80  0.97146223727568004     
          34          81  0.97980875060329597     
          34          82  0.97997925357381288     
          34          83  0.97735475725870868     
          39          84  0.96883668355674357     
          39          85  0.96741956926259165     
          40          86  0.98149090064216293     
          40          87  0.98343539116709966     
          40          88  0.98519011512649546     
          41          89  0.95884258763193764     
          43          90  0.96664391343183986     
          44          91  0.96892992335539685     
          45          92  0.96926752935238203     
          46          93  0.96452525475716933     
