   -0.11189861
   -0.01509699
   -0.10954831
    0.03216484
   -0.00584156
   -0.03616076
   -0.02648203
   -0.02565273
   -0.02817750
   -0.03628912
   -0.13840519
    0.04511006
   -0.12853860
   -0.12243698
    0.28581604
   -0.06899434
   -0.05921881
    0.03850931
   -0.03329212
   -0.02391993
   -0.02380306
   -0.02373834
   -0.03241793
   -0.12375513
   -0.03273268
    0.05264270
   -0.04966986
   -0.03363839
    0.01282897
   -0.03058186
   -0.02199182
   -0.02240581
   -0.03215963
    0.01219198
   -0.00720570
   -0.00657657
    0.05294932
   -0.04369641
   -0.03028900
    0.01411664
   -0.02969279
   -0.02270387
   -0.02375955
   -0.03275155
    0.01252034
   -0.11833247
   -0.03854605
    0.04538387
    0.05702659
    0.03970110
    0.04298674
    0.05262478
    0.03708628
    0.03643700
    0.05723781
    0.02617381
    0.04384020
    0.05047448
    0.04885322
    0.03673055
    0.06476518
    0.06581875
    0.06090528
    0.05823860
    0.05302924
    0.05092502
    0.06984960
    0.04469627
    0.05304543
    0.05679841
    0.05628477
    0.05063600
    0.06168370
    0.06209390
    0.06062534
    0.03736235
    0.05165828
    0.04776203
    0.05073754
    0.04786458
    0.03875474
    0.04235359
    0.05550848
    0.04893549
    0.05032419
    0.04614596
    0.03671450
    0.06692976
    0.06812479
    0.05842368
