           1           2   1.0040899864069011     
           2           3   1.0084038527763108     
           2           4  0.97116689193666184     
           4           5  0.98854444724600365     
           5           6   1.4058079217370905     
           6           7   1.4451327971892050     
           5           8  0.11015636927060425     
           7           8   1.4381494307725424     
           6           9  0.11075981573975482     
           8           9   1.4383295286620479     
           5          10   1.4085259227832572     
           7          10  0.11039002088034247     
           9          10   1.4436760479239816     
           4          11  0.91796032825265028     
          11          12  0.93931699667599966     
          12          13   1.0043416076598028     
          12          14   1.0067749048176620     
          11          15   1.2709952191771456     
          15          16  0.95576309110250712     
          16          17   1.1685219213503746     
          17          18  0.98340982460165205     
          18          19   1.3984362641618062     
          19          20   1.4402756494020756     
          18          21  0.10217356414836487     
          20          21   1.4370252647508286     
          19          22  0.10856092331526335     
          21          22   1.4338483071143151     
          18          23   1.4045727983685390     
          20          23  0.10929994096863582     
          22          23   1.4424977725820387     
          15          24   1.2334700661742739     
          24          25  0.97221444294894876     
          24          26  0.97068134287917074     
          26          27   1.2827679326602639     
          27          28   1.5568113997864403     
          28          29   1.2724797682005504     
          29          30   1.2811268773306415     
          30          31   1.5538577574447914     
          31          32   1.3239464481036967     
          30          33  0.11744305780841120     
          32          33   1.5513587967815736     
          29          34   1.2548512229710318     
          33          34   1.2860384250819161     
          26          35   1.4620957732234721     
          28          35  0.10495663174046159     
          34          35   1.2306035748605006     
          35          36   1.0320666534154057     
          36          37   1.4569795488099238     
          37          38   1.2877625557659280     
          36          39  0.10501414288257542     
          38          39   1.5555915718258009     
          39          40   1.2722835671565180     
          40          41   1.2811190498638951     
          41          42   1.5542888005430484     
          42          43   1.3232633003270178     
          41          44  0.11740903304576103     
          43          44   1.5512241778084648     
          36          45   1.2334824352000409     
          40          45   1.2537875530645306     
          44          45   1.2834902682848002     
          15          46   1.2271788019234360     
          37          46  0.96321624631448255     
          46          47  0.97326746276237519     
           1          48  0.98317378235574715     
           1          49  0.98303723723829628     
           1          50  0.98606880531707219     
           2          51  0.96024617528673573     
           3          52  0.98441720148161604     
           3          53  0.97636375942695441     
           3          54  0.98224311192081082     
           4          55  0.93376388872140281     
           6          56  0.96437194680552984     
           7          57  0.96995548613829330     
           8          58  0.96980520299363238     
           9          59  0.96972976880078765     
          10          60  0.96252284808043986     
          12          61  0.94794216076514415     
          13          62  0.97864781500232567     
          13          63  0.96418431833955176     
          13          64  0.97743131706318676     
          14          65  0.96075384255949758     
          14          66  0.98009915858167995     
          14          67  0.97827280529193683     
          19          68  0.96538217489555556     
          20          69  0.96790416082637432     
          21          70  0.96891188877342449     
          22          71  0.96754255133508926     
          23          72  0.96560377438437395     
          25          73  0.96295905511524471     
          25          74  0.97011552267634826     
          25          75  0.97668529243960467     
          27          76  0.96009496386848869     
          28          77  0.96625476365699248     
          30          78  0.96703337286030389     
          31          79  0.96934443129470438     
          32          80  0.96966080707761337     
          33          81  0.96502385086992359     
          38          82  0.96315998465762376     
          39          83  0.96605469982577485     
          41          84  0.96696448703422244     
          42          85  0.96940062199128973     
          43          86  0.96979596385466049     
          44          87  0.96591169668131593     
          47          88  0.96234797585757470     
          47          89  0.97585633380129411     
          47          90  0.97469072791488354     
