   -0.12191153
    0.05194678
   -0.11615156
   -0.15025092
    0.03733657
   -0.06949127
   -0.06051595
   -0.06489550
   -0.06034475
   -0.06828004
    0.30137203
   -0.05073206
   -0.05494061
    0.03683813
   -0.03127430
   -0.02306861
   -0.02230888
   -0.02381515
   -0.03146946
   -0.13432876
   -0.03003584
    0.05131314
   -0.05326491
   -0.03479280
    0.01157606
   -0.03090199
   -0.02218203
   -0.02239245
   -0.03188021
    0.01147286
   -0.01072013
   -0.00941149
    0.05421650
   -0.04749161
   -0.03247855
    0.01222159
   -0.03075181
   -0.02309027
   -0.02387344
   -0.03338314
    0.01172562
   -0.12194894
   -0.04086810
    0.06610470
    0.05013026
    0.05755556
    0.04906509
    0.04170723
    0.05878917
    0.06039409
    0.06541908
    0.03899539
    0.04725817
    0.04195660
    0.04849249
    0.04906160
    0.04293879
    0.04712978
    0.04335199
    0.03774037
    0.04956121
    0.04718153
    0.05222599
    0.05738681
    0.05748145
    0.05242193
    0.06914142
    0.06163738
    0.04837788
    0.04133588
    0.05189783
    0.04744173
    0.05087950
    0.04820839
    0.03876073
    0.04627537
    0.05367843
    0.04797600
    0.04967684
    0.04550130
    0.03582868
    0.05725716
    0.07201830
    0.07498570
