           1           2   1.0035050760511341     
           2           3   1.0041289785736787     
           2           4  0.93184074382898452     
           4           5  0.93915153389711070     
           5           6  0.99374285248962035     
           6           7   1.0027203646306162     
           7           8   1.0098916362245356     
           8           9   1.0096109750709505     
           5          10  0.99294252776961478     
           9          10   1.0032477478004049     
           4          11   1.2497093864333322     
          11          12   1.0020108661359828     
          12          13   1.1481408077818691     
          13          14  0.97751389449515358     
          14          15   1.4070860851842522     
          15          16   1.4375613191711420     
          14          17  0.10253601730138048     
          16          17   1.4396262733646294     
          15          18  0.10855768234109411     
          17          18   1.4322934979000861     
          14          19   1.4038788606813524     
          16          19  0.10991069093343461     
          18          19   1.4436993291152072     
          11          20   1.1914819310505798     
          20          21  0.97373390373142799     
          20          22  0.97012314855178661     
          22          23   1.2823491777338236     
          23          24   1.5566116002492842     
          24          25   1.2733839945626839     
          25          26   1.2807626052091943     
          26          27   1.5542825996106775     
          27          28   1.3232013764020931     
          26          29  0.11735814471320401     
          28          29   1.5520216280649715     
          25          30   1.2540120932565995     
          29          30   1.2850675656371442     
          22          31   1.4527216902353586     
          24          31  0.10548246026658600     
          30          31   1.2321849076224487     
          31          32   1.0318047740718583     
          32          33   1.4595480450965159     
          33          34   1.2820700945009169     
          32          35  0.10381598989558004     
          34          35   1.5613517047011223     
          35          36   1.2696437332156898     
          36          37   1.2819855306480090     
          37          38   1.5526322327063082     
          38          39   1.3247704044869379     
          37          40  0.11727168573395044     
          39          40   1.5507061078291386     
          32          41   1.2268402340022468     
          36          41   1.2541384244287228     
          40          41   1.2851828916555703     
          11          42   1.2180116591816794     
          33          42  0.97694070773940567     
          42          43  0.97017826294552301     
           1          44  0.97827241061252734     
           1          45  0.97934772967018624     
           1          46  0.97939300330003864     
           2          47  0.93706805544083238     
           3          48  0.97798565915269897     
           3          49  0.98060245569630600     
           3          50  0.98063578396363593     
           5          51  0.95032015588932273     
           6          52  0.97213732500872163     
           6          53  0.95999468720768588     
           7          54  0.97596184229610095     
           7          55  0.97537488750643031     
           8          56  0.97522044692920395     
           8          57  0.97629294177831794     
           9          58  0.97542984487277984     
           9          59  0.97473744138449558     
          10          60  0.97188759061681118     
          10          61  0.94754636687206117     
          15          62  0.96308358590935750     
          16          63  0.96804465278652874     
          17          64  0.96884389229823076     
          18          65  0.96742966192638558     
          19          66  0.96659533430136013     
          21          67  0.97791726135487700     
          21          68  0.96353066164654755     
          21          69  0.97295050042000475     
          23          70  0.96237816526968933     
          24          71  0.96626106888962349     
          26          72  0.96707474832552887     
          27          73  0.96934396828916047     
          28          74  0.96961376367246499     
          29          75  0.96535776329012335     
          34          76  0.96269038575176258     
          35          77  0.96621133231192635     
          37          78  0.96701672030254238     
          38          79  0.96945357234486196     
          39          80  0.96985403332342579     
          40          81  0.96540302366371522     
          43          82  0.97281025132856436     
          43          83  0.95984523149912371     
          43          84  0.97717475545868770     
