   -0.12546251
    0.05007219
   -0.12333316
   -0.17143432
    0.04458347
   -0.12378037
   -0.12700464
    0.57243187
   -0.06982789
   -0.02092655
    0.03173622
   -0.03435406
   -0.03162516
    0.01613415
   -0.03320847
   -0.02328619
   -0.02338022
   -0.03184379
    0.01578106
   -0.03830611
   -0.25525062
    0.11925408
   -0.05261810
   -0.02476353
   -0.03615040
    0.01517622
   -0.01410385
    0.02421588
   -0.06101193
   -0.06649552
   -0.06046728
   -0.06651621
    0.01667735
   -0.03757744
   -0.02784745
   -0.05440417
    0.12334741
   -0.01456481
   -0.27259049
    0.04751073
    0.07002343
    0.05976990
    0.04656264
    0.06689521
    0.05639326
    0.06121400
    0.06937361
    0.06818777
    0.05145553
    0.05540805
    0.05213216
    0.06917507
    0.05460447
    0.04857601
    0.05073216
    0.04540024
    0.05055781
    0.05000386
    0.04424130
    0.04893824
    0.06153748
    0.06716915
    0.06168963
    0.05434527
    0.04077105
    0.06483405
    0.05834290
    0.05398140
    0.04265332
    0.06301742
    0.06459870
    0.06487552
    0.06514588
    0.06260813
