           1           2   1.0061267676073362     
           2           3   1.0035341558215585     
           2           4  0.93780403522344835     
           4           5  0.93675239214484729     
           5           6   1.0067531422328095     
           5           7   1.0067439483392413     
           4           8   1.2360330414079075     
           8           9  0.97263611290264540     
           9          10   1.1722050428352540     
          10          11  0.97724542652003354     
          11          12   1.2930956953943389     
          12          13   1.5543684913263567     
          13          14   1.2772148371678935     
          14          15   1.2799258492762653     
          15          16   1.5541837923748381     
          16          17   1.3183041145597520     
          15          18  0.11704700104856339     
          17          18   1.5587666395946080     
          14          19   1.2454697670911772     
          18          19   1.2729354733013274     
          11          20   1.5140658205315385     
          13          20  0.11215492848663682     
          19          20   1.2834142933290786     
           8          21   1.2998296395702029     
          21          22  0.87730752888137997     
          22          23   1.3824751968882030     
          23          24   1.4506262251627726     
          24          25   1.4204274238900694     
          23          26  0.10706023433746685     
          25          26   1.4391289572768391     
          22          27   1.4055150279629940     
          24          27  0.10414329521044013     
          26          27   1.3462426519721997     
          27          28  0.99170713330894567     
          28          29  0.95515906445561527     
          26          30   1.0165050251695009     
          29          30   1.0022157071354889     
          28          31  0.95713546486846235     
          31          32   1.0023302434605337     
          32          33   1.0167477386139883     
          33          34   1.4396142348013012     
          34          35   1.4203441604746838     
          33          36  0.10628676171110840     
          35          36   1.4502906251458039     
          36          37   1.3837002129086569     
          28          38  0.98954242196436193     
          33          38   1.3459326226293318     
          35          38  0.10487715487913157     
          37          38   1.4037171443039165     
           8          39   1.2830171442589209     
          37          39  0.87175773422230185     
           1          40  0.97813676108804293     
           1          41  0.97895229184835253     
           1          42  0.98098666540029988     
           2          43  0.94560505654838112     
           3          44  0.97988030108902247     
           3          45  0.98043050331145121     
           3          46  0.97933751099322630     
           5          47  0.95464647812191683     
           6          48  0.97951647507886541     
           6          49  0.98398589898100097     
           6          50  0.97879892973446592     
           7          51  0.97927506673415032     
           7          52  0.97949012118663803     
           7          53  0.97570394667158222     
          12          54  0.96744952442030541     
          13          55  0.96484929027065858     
          15          56  0.96716919394361900     
          16          57  0.96950195514402537     
          17          58  0.96933254071835706     
          18          59  0.96738786587686798     
          20          60  0.96383882925897157     
          23          61  0.96291073969176799     
          24          62  0.96739349877437497     
          25          63  0.96538341021566365     
          29          64  0.97661411480731075     
          29          65  0.97516398133812854     
          30          66  0.95436148229301510     
          30          67  0.96178843793404589     
          31          68  0.97675682330209568     
          31          69  0.97843988905925694     
          32          70  0.96466948868577163     
          32          71  0.95487383535074433     
          34          72  0.96589137146809179     
          35          73  0.96759477181870546     
          36          74  0.96143570203011897     
