   -0.12929625
    0.03756689
   -0.12752600
   -0.14754103
    0.08589566
   -0.12920052
   -0.12400500
   -0.12038863
    0.32295188
   -0.06955040
   -0.04393948
    0.03135058
   -0.03244317
   -0.04477509
    0.17851510
   -0.19875763
   -0.04468764
   -0.03199168
   -0.13234578
   -0.03122328
    0.05187980
   -0.05339141
   -0.03347301
    0.01217248
   -0.03054762
   -0.02202643
   -0.02213243
   -0.03206753
    0.01206106
   -0.01150072
   -0.01003835
    0.05226442
   -0.04919396
   -0.03102179
    0.01316863
   -0.02985285
   -0.02301142
   -0.02425039
   -0.03499675
    0.01153466
   -0.12376087
   -0.04155695
    0.05857607
    0.06611105
    0.05140318
    0.07315525
    0.05374900
    0.05843333
    0.07045248
    0.05688131
    0.05844493
    0.06594475
    0.04864272
    0.05679940
    0.06766497
    0.05288562
    0.06437659
    0.04109277
    0.06006245
    0.07790009
    0.08107881
    0.06327970
    0.06211453
    0.06646740
    0.05256759
    0.03941503
    0.05329961
    0.04824381
    0.05120367
    0.04829490
    0.03852250
    0.04506977
    0.05485854
    0.04925269
    0.05079240
    0.04617619
    0.03541527
    0.07547801
    0.05615374
    0.07087274
