           1           2   1.0051441684169422     
           2           3   1.0080811663906726     
           2           4  0.93327596630987808     
           4           5  0.90617073069009935     
           5           6  0.99958840017922301     
           5           7  0.99250707703058505     
           5           8  0.99673092275015240     
           4           9   1.2642378197247859     
           9          10  0.94981040394095018     
          10          11   1.1776611287680101     
          11          12  0.98981742860607735     
          12          13   1.3971993156315650     
          13          14   1.4465125715203797     
          14          15   1.3873234445405389     
          15          16  0.98305402062568115     
          13          17  0.10596434147969903     
          15          17   1.3835764509803707     
          12          18   1.4000647744627255     
          14          18  0.10676157781529284     
          17          18   1.4493311843601007     
           9          19   1.1871031520463877     
          19          20  0.97429086122942898     
          19          21  0.98396759836344005     
          21          22   1.2742578387065036     
          22          23   1.5575190916179829     
          23          24   1.2732045845275231     
          24          25   1.2806137433880702     
          25          26   1.5542762492033395     
          26          27   1.3232478882553638     
          25          28  0.11735190162221493     
          27          28   1.5519249244121609     
          24          29   1.2542603559251546     
          28          29   1.2852152516368320     
          21          30   1.4503307938791274     
          23          30  0.10530701351135727     
          29          30   1.2314512238283066     
          30          31   1.0306669482191766     
          31          32   1.4537384143316756     
          32          33   1.2843328252248603     
          31          34  0.10563189272870417     
          33          34   1.5550993261841066     
          34          35   1.2733445032015771     
          35          36   1.2796317662037167     
          36          37   1.5552502079339849     
          37          38   1.3224738897998993     
          36          39  0.11728968938584039     
          38          39   1.5514595731431984     
          31          40   1.2324782426160596     
          35          40   1.2542165897309756     
          39          40   1.2821020097704019     
           9          41   1.1945102229490479     
          32          41  0.97382837557712532     
          41          42  0.97084029920291282     
           1          43  0.96669045738657788     
           1          44  0.97931681011457816     
           1          45  0.97911112691225699     
           2          46  0.94965091860426731     
           3          47  0.98126719358087922     
           3          48  0.96102439377870119     
           3          49  0.97787259947787952     
           6          50  0.94601504634894351     
           6          51  0.97500673643488234     
           6          52  0.97627701331165717     
           7          53  0.97885715093891190     
           7          54  0.97697370840749664     
           7          55  0.97704460864005360     
           8          56  0.98032519209680113     
           8          57  0.97874943936394720     
           8          58  0.97744183735521495     
          13          59  0.96245667855389239     
          14          60  0.96322237995632587     
          17          61  0.96268931934424562     
          18          62  0.96483503356231881     
          20          63  0.96130203562672956     
          20          64  0.97693659115743892     
          20          65  0.96982138146447427     
          22          66  0.96357660105432674     
          23          67  0.96605214831290487     
          25          68  0.96699628103116675     
          26          69  0.96930489849002954     
          27          70  0.96960576382090979     
          28          71  0.96529278509935201     
          33          72  0.96244320117235294     
          34          73  0.96608752479158011     
          36          74  0.96688482641553664     
          37          75  0.96932537602610669     
          38          76  0.96978490855178423     
          39          77  0.96496629508062992     
          42          78  0.97714637985215691     
          42          79  0.97247927015734836     
          42          80  0.96293730725871940     
