   -0.10624215
   -0.01262382
   -0.10296243
    0.00769407
   -0.03429779
   -0.02658015
   -0.02918029
   -0.03584252
    0.02603056
   -0.05113132
   -0.07509602
    0.28602271
   -0.13455950
   -0.03969807
    0.08461914
   -0.12905185
   -0.12417798
   -0.12527798
   -0.11985650
   -0.04122720
    0.05047761
   -0.04421172
   -0.03007835
    0.01546353
   -0.02895547
   -0.02218740
   -0.02275165
   -0.03043546
    0.01373079
   -0.00557467
   -0.00969063
    0.05207457
   -0.05435466
   -0.03340927
    0.01244342
   -0.03057705
   -0.02226908
   -0.02256152
   -0.03271519
    0.01201764
   -0.12552683
   -0.02847050
    0.04310193
    0.03154453
    0.04944334
    0.03461128
    0.03502571
    0.04662948
    0.04855861
    0.05733551
    0.05371835
    0.05243156
    0.04635895
    0.05568733
    0.07312118
    0.06757241
    0.07302321
    0.06170361
    0.05920914
    0.06895402
    0.05120056
    0.05714694
    0.06634826
    0.04766449
    0.05099051
    0.06910720
    0.06104374
    0.07105840
    0.04206697
    0.05544568
    0.04922758
    0.05018564
    0.04475316
    0.03902044
    0.03967179
    0.05233150
    0.04778203
    0.05067146
    0.04773880
    0.03815857
    0.05067152
    0.06945879
    0.06122682
