           1           2   1.0063466554840352     
           2           3  0.98623750824179313     
           2           4   1.0037431732505322     
           4           5   1.4059763839295079     
           5           6   1.4455756334906753     
           4           7  0.10364287018746328     
           6           7   1.4276563335939363     
           5           8  0.10736313306683568     
           7           8   1.4428954545477641     
           4           9   1.3677723088451803     
           8           9   1.4063955016758838     
           9          10  0.97858412696238017     
          10          11   1.1715273781781417     
          11          12  0.95102402400340535     
          12          13   1.2383582466991396     
          13          14  0.96919231516869520     
          13          15  0.92093065513087602     
          15          16  0.99891579209331571     
          15          17  0.99479529911856068     
          15          18  0.99514527566169364     
          12          19   1.2385782654211432     
          19          20  0.97285501889680337     
          19          21  0.95690156494981815     
          21          22   1.2903271669074068     
          22          23   1.5531392674528375     
          23          24   1.2743244299277032     
          24          25   1.2800954278956864     
          25          26   1.5552805322778858     
          26          27   1.3210995767075577     
          25          28  0.11732697676921917     
          27          28   1.5510730234736927     
          24          29   1.2535173040360319     
          28          29   1.2828526740259316     
          21          30   1.4558990168506811     
          23          30  0.10628319258906423     
          29          30   1.2339144587903974     
          30          31   1.0321243343227542     
          31          32   1.4515487102741291     
          32          33   1.2828577568999222     
          31          34  0.10588501770594841     
          33          34   1.5549701037379340     
          34          35   1.2748202387017871     
          35          36   1.2795667101526256     
          36          37   1.5554040993314684     
          37          38   1.3222456019017290     
          36          39  0.11749515755669540     
          38          39   1.5531439372671811     
          31          40   1.2339266921905061     
          35          40   1.2540934174385505     
          39          40   1.2835425855834923     
          12          41   1.2038956991997298     
          32          41  0.98082693642900420     
          41          42  0.97401072849381931     
           1          43  0.98435588158291298     
           1          44  0.98588381503610312     
           1          45  0.98259454449888783     
           2          46  0.95062758308386053     
           3          47  0.98219606319079911     
           3          48  0.98001634577209362     
           3          49  0.98599608731262733     
           5          50  0.96249839247778257     
           6          51  0.96886116572246528     
           7          52  0.96778202481345188     
           8          53  0.96380540685487037     
          14          54  0.97688306785498003     
          14          55  0.97224578338257739     
          14          56  0.95782043665713656     
          16          57  0.97743749873578711     
          16          58  0.94359786643692733     
          16          59  0.97955309409079461     
          17          60  0.97768946742728013     
          17          61  0.98204525258376951     
          17          62  0.98222663273357835     
          18          63  0.97999569220147564     
          18          64  0.98247601926263617     
          18          65  0.97078328735681474     
          20          66  0.96970395363871142     
          20          67  0.97633667710313010     
          20          68  0.97608202523164411     
          22          69  0.96356819024283391     
          23          70  0.96603320020179440     
          25          71  0.96690977320530214     
          26          72  0.96940594111990641     
          27          73  0.96974303455404409     
          28          74  0.96444300667268446     
          33          75  0.96345270691107876     
          34          76  0.96617316085354710     
          36          77  0.96702764559984411     
          37          78  0.96935126652368953     
          38          79  0.96964919724811693     
          39          80  0.96521230750499176     
          42          81  0.97329351741948722     
          42          82  0.97620309363537161     
          42          83  0.96097164453600536     
