   -0.11040148
    0.01567509
   -0.03546137
   -0.02552178
   -0.02925648
   -0.03551057
    0.02553968
   -0.04613485
   -0.07544833
    0.28383637
   -0.13305353
   -0.04032495
    0.08441695
   -0.12910792
   -0.12555448
   -0.12432296
   -0.11811549
   -0.04139680
    0.05017633
   -0.04423266
   -0.02978566
    0.01508298
   -0.02969081
   -0.02240889
   -0.02335411
   -0.03200757
    0.01285450
   -0.00612285
   -0.01058338
    0.05101121
   -0.05449912
   -0.03316357
    0.01256222
   -0.03045786
   -0.02207070
   -0.02233072
   -0.03267675
    0.01198412
   -0.12530741
   -0.03014380
    0.05750230
    0.05507837
    0.04859284
    0.05250821
    0.05537527
    0.05363765
    0.04747746
    0.07333248
    0.05602460
    0.06762646
    0.05980738
    0.07340166
    0.06185251
    0.05132555
    0.06658415
    0.04806535
    0.05747459
    0.06908483
    0.05110024
    0.06926033
    0.07114029
    0.06155407
    0.04237526
    0.05584444
    0.04950837
    0.05093868
    0.04744951
    0.03882633
    0.03993041
    0.05268936
    0.04802556
    0.05096334
    0.04805841
    0.03853929
    0.05173229
    0.07084098
    0.06177858
