           1           2   1.0307474867032393     
           2           3   1.4086574623640769     
           3           4   1.4432808224627447     
           2           5  0.10382761172853250     
           4           5   1.4297079970682294     
           3           6  0.10684380276483432     
           5           6   1.4408712193515951     
           2           7   1.3668222074305403     
           6           7   1.4083584310141011     
           7           8  0.97918990563491548     
           8           9   1.1798562563923718     
           9          10  0.94194402957789847     
          10          11   1.2403029842847413     
          11          12  0.96962429610845136     
          11          13  0.92074361432561347     
          13          14  0.99897671001672539     
          13          15  0.99517126764046904     
          13          16  0.99458888041474847     
          10          17   1.2415153960981959     
          17          18  0.97285064465279414     
          17          19  0.95667863413419996     
          19          20   1.2901285314142612     
          20          21   1.5532918093156964     
          21          22   1.2740536996382088     
          22          23   1.2808663216148226     
          23          24   1.5543712895380741     
          24          25   1.3232387140974022     
          23          26  0.11738878710389788     
          25          26   1.5514403680499995     
          22          27   1.2530668620929950     
          26          27   1.2839939126103965     
          19          28   1.4557533936252456     
          21          28  0.10631578084980242     
          27          28   1.2340424454492631     
          28          29   1.0314345961137028     
          29          30   1.4521435811005541     
          30          31   1.2832593786124014     
          29          32  0.10594369830017442     
          31          32   1.5547897084532487     
          32          33   1.2750607949836787     
          33          34   1.2795813927601971     
          34          35   1.5553590678044154     
          35          36   1.3223101409195288     
          34          37  0.11749069856677022     
          36          37   1.5530283255895028     
          29          38   1.2339571342597913     
          33          38   1.2538429760450178     
          37          38   1.2837750704525333     
          10          39   1.2065829740633531     
          30          39  0.98054227617887280     
          39          40  0.97359864347592795     
           1          41  0.96432069345693605     
           1          42  0.98229068563742716     
           1          43  0.96663798186969063     
           3          44  0.96553830254438444     
           4          45  0.96874778086619517     
           5          46  0.96768097206778914     
           6          47  0.96402177879378026     
          12          48  0.97217709695616383     
          12          49  0.97680853232615217     
          12          50  0.95889083144519605     
          14          51  0.97931370064171153     
          14          52  0.97731903296021416     
          14          53  0.94232302922331901     
          15          54  0.97080152817031551     
          15          55  0.97991895215833258     
          15          56  0.98227801708251028     
          16          57  0.98224019364488702     
          16          58  0.97772326006307708     
          16          59  0.98212057669715747     
          18          60  0.96973404902955673     
          18          61  0.97583164041858372     
          18          62  0.97639554806889195     
          20          63  0.96363731114805573     
          21          64  0.96596432673159782     
          23          65  0.96686979563518860     
          24          66  0.96930900205604775     
          25          67  0.96970661134442060     
          26          68  0.96491915913761050     
          31          69  0.96344645157149544     
          32          70  0.96613063176575076     
          34          71  0.96700288517683441     
          35          72  0.96931925101223104     
          36          73  0.96962259132022677     
          37          74  0.96510593374480780     
          40          75  0.97326123510212370     
          40          76  0.97682415346918727     
          40          77  0.96132544724746649     
