   -0.03737338
   -0.11435712
    0.05158174
   -0.04894685
   -0.03398945
    0.01134254
   -0.03145126
   -0.02322368
   -0.02387692
   -0.03352978
    0.01075864
   -0.00816487
   -0.01035642
    0.05212626
   -0.05153079
   -0.03413501
    0.01179143
   -0.03075366
   -0.02235260
   -0.02260090
   -0.03179463
    0.01216892
   -0.13394124
   -0.03344514
    0.30501556
   -0.02981242
   -0.02820223
    0.03739781
   -0.02760291
   -0.01509648
   -0.01673371
   -0.01991395
   -0.02714608
    0.49098556
   -0.19198202
   -0.21713892
   -0.19235081
   -0.12648445
    0.05671518
   -0.04148332
   -0.02209769
   -0.02162315
   -0.02688505
    0.00983208
   -0.03444601
   -0.03876978
    0.00739445
   -0.03040435
   -0.02513659
   -0.02430944
   -0.04421974
    0.06024835
    0.05852371
    0.07915499
    0.07027013
    0.04932719
    0.05568222
    0.04945216
    0.05126753
    0.04747021
    0.03792242
    0.04037687
    0.05169825
    0.04753643
    0.05210263
    0.04963858
    0.03972929
    0.05979403
    0.07047302
    0.05645196
    0.06752955
    0.06932521
    0.07638133
    0.08329119
    0.04534390
    0.06028007
    0.06336560
    0.06008153
    0.05560416
    0.04804800
    0.05646651
    0.05842088
    0.05408822
    0.04520651
