           1           2  0.96892776642246670     
           2           3  0.97423329869665132     
           3           4   1.2840395898470516     
           4           5   1.5587141317658926     
           5           6   1.2696199592027055     
           6           7   1.2818760937739939     
           7           8   1.5528630873078793     
           8           9   1.3244750782446906     
           7          10  0.11722545591549048     
           9          10   1.5509529740513082     
           6          11   1.2534308609549849     
          10          11   1.2859164824703178     
           3          12   1.4578316372001638     
           5          12  0.10506844012019749     
          11          12   1.2302400847610333     
          12          13   1.0309806965769048     
          13          14   1.4521643301057918     
          14          15   1.2885592013798564     
          13          16  0.10525771688814549     
          15          16   1.5548965167475872     
          16          17   1.2729244089994465     
          17          18   1.2816093190127673     
          18          19   1.5537739610624324     
          19          20   1.3234136957181013     
          18          21  0.11715024423106683     
          20          21   1.5517504544706231     
          13          22   1.2338242527756063     
          17          22   1.2531648706880092     
          21          22   1.2851728134061871     
          14          23  0.95942047970734845     
          23          24  0.97185713744278446     
           2          25   1.2297074796397387     
          23          25   1.1952275714235996     
          25          26   1.0232911521039596     
          26          27   1.1515390770455074     
          27          28  0.98856821711428233     
          28          29   1.4065300475086060     
          29          30   1.4388223573535828     
          28          31  0.10244195162824971     
          30          31   1.4361846288906974     
          29          32  0.10502339151134982     
          31          32   1.4351148621238252     
          28          33   1.3791766305924666     
          30          33  0.10522052377555277     
          32          33   1.4157124586227421     
          33          34  0.94822807865404268     
          34          35  0.96285831972676061     
          34          36  0.92543420011083188     
          34          37  0.95932096154840651     
          25          38   1.2341110978934793     
          38          39  0.94824674459069402     
          39          40   1.4065038668482086     
          40          41   1.4354347130050054     
          41          42   1.4229560207823486     
          40          43  0.10309706513595637     
          42          43   1.4609438856883945     
          39          44   1.3370538670586751     
          43          44   1.3632570116125302     
          44          45   1.1016966234163390     
          45          46   1.7699140667201674     
          46          47   1.1013246152495424     
          47          48   1.3637446378855398     
          48          49   1.4621990187546134     
          49          50   1.4213356255073677     
          48          51  0.10303466298744411     
          50          51   1.4364073161530100     
          38          52  0.95354414414083555     
          47          52   1.3343610537052681     
          51          52   1.4070124761644711     
           1          53  0.97306299857413248     
           1          54  0.97620035084973644     
           1          55  0.96147301667318552     
           4          56  0.96363706539599236     
           5          57  0.96599843167411148     
           7          58  0.96687688582409370     
           8          59  0.96929818016830405     
           9          60  0.96967508297928462     
          10          61  0.96535930623598798     
          15          62  0.96234306631033972     
          16          63  0.96603662566733206     
          18          64  0.96705625855351751     
          19          65  0.96923360223075206     
          20          66  0.96949323763943784     
          21          67  0.96552469592325041     
          24          68  0.96637473810660779     
          24          69  0.97787562333250488     
          24          70  0.96940964995933032     
          29          71  0.95994853200902130     
          30          72  0.96593734936204045     
          31          73  0.96587708025448371     
          32          74  0.96204416471799636     
          40          75  0.95883077684008244     
          41          76  0.96827253585841122     
          42          77  0.96723990136792337     
          43          78  0.96629794068165176     
          45          79  0.96083614014769436     
          46          80  0.96017499094131487     
          48          81  0.96678668713467453     
          49          82  0.96796647712360895     
          50          83  0.96905897357554860     
          51          84  0.95895837855780941     
