   -0.12553184
    0.04979767
   -0.12334528
   -0.17048856
    0.04438274
   -0.12418273
   -0.12704219
    0.57321088
   -0.06802853
   -0.01695286
    0.03557538
   -0.03154927
   -0.02366760
   -0.02332360
   -0.02347456
   -0.02938013
   -0.25521739
    0.11901779
   -0.05262764
   -0.02508272
   -0.03683358
    0.01496994
   -0.01439301
    0.02415932
   -0.06136061
   -0.06697889
   -0.06064610
   -0.06663019
    0.01696762
   -0.03726841
   -0.02755552
   -0.05451220
    0.12296730
   -0.01461667
   -0.27341042
    0.04720449
    0.07024488
    0.06007087
    0.04668656
    0.05648896
    0.06710783
    0.06150825
    0.06969455
    0.05218784
    0.05579428
    0.06866794
    0.05445466
    0.06984538
    0.05207741
    0.05038256
    0.05460770
    0.05415267
    0.05476748
    0.05249502
    0.06152427
    0.06864001
    0.06405718
    0.03964374
    0.05509401
    0.06665548
    0.05929185
    0.05444827
    0.04315727
    0.06497031
    0.06347391
    0.06545526
    0.06562345
    0.06257755
