           1           2   1.0061282385674513     
           2           3   1.0035680876989237     
           2           4  0.93744898468433813     
           4           5  0.93622079176095063     
           5           6   1.0067997739548395     
           5           7   1.0067986000694937     
           4           8   1.2380979671456593     
           8           9  0.96753791868306283     
           9          10   1.1763651647981506     
          10          11  0.97924478415771454     
          11          12   1.4080389990453022     
          12          13   1.4425799116232574     
          11          14  0.10190862318039537     
          13          14   1.4325343459804023     
          12          15  0.11011235520465611     
          14          15   1.4366860866674116     
          11          16   1.4049029584169479     
          13          16  0.10867018169890746     
          15          16   1.4376356619464643     
           8          17   1.3004380188861782     
          17          18  0.87631945347210349     
          18          19   1.3824659766869194     
          19          20   1.4505887363729406     
          20          21   1.4202324629984049     
          19          22  0.10708398885186561     
          21          22   1.4391832905067514     
          18          23   1.4058779768092999     
          20          23  0.10432541032602628     
          22          23   1.3455697502749338     
          23          24  0.99171298864707691     
          24          25  0.95547999104934356     
          22          26   1.0168118480403487     
          25          26   1.0022921231690027     
          24          27  0.95677805389686155     
          27          28   1.0023436145469220     
          28          29   1.0169061168504150     
          29          30   1.4393085708495761     
          30          31   1.4206788492634894     
          29          32  0.10632031908947800     
          31          32   1.4500669561526778     
          32          33   1.3839257367353432     
          24          34  0.98962982661812549     
          29          34   1.3459215980452433     
          31          34  0.10481292719791867     
          33          34   1.4039673721912627     
           8          35   1.2846380529651853     
          33          35  0.87043732790147421     
           1          36  0.97821019052180469     
           1          37  0.97889431898161949     
           1          38  0.98091757225556186     
           2          39  0.94590127972297289     
           3          40  0.98055337871520398     
           3          41  0.97979278146769311     
           3          42  0.97932120324673300     
           5          43  0.95463034818210257     
           6          44  0.98395011580248126     
           6          45  0.97870871873017362     
           6          46  0.97935494506116072     
           7          47  0.97539464346435589     
           7          48  0.97931951406776452     
           7          49  0.97904611288957422     
          12          50  0.96614090695835619     
          13          51  0.96718419165330660     
          14          52  0.96831016293678895     
          15          53  0.96753749526697241     
          16          54  0.96755925552540001     
          19          55  0.96279495282677430     
          20          56  0.96726441873452351     
          21          57  0.96581224315206582     
          25          58  0.97576480894853612     
          25          59  0.97658850424920418     
          26          60  0.95426654503744068     
          26          61  0.96300320378817261     
          27          62  0.97675244586255383     
          27          63  0.97842969455463391     
          28          64  0.95469935699732411     
          28          65  0.96461054841552518     
          30          66  0.96582801729309642     
          31          67  0.96753681499278488     
          32          68  0.96134399397716641     
