    0.03147754
   -0.25312365
    0.15005546
   -0.07181983
   -0.03690681
   -0.00326526
   -0.00772523
   -0.03679842
   -0.04007983
    0.01124062
   -0.01872766
    0.11753743
   -0.26868189
    0.53243133
   -0.02343458
   -0.01622241
    0.04686031
   -0.05136670
    0.10686016
   -0.13091676
   -0.04918578
    0.10882721
   -0.11762429
   -0.04804573
   -0.17576752
    0.05215586
   -0.12046646
   -0.12445503
    0.05130850
   -0.12499443
   -0.11958123
   -0.26120380
    0.11130494
   -0.01071316
   -0.00667744
   -0.03584126
   -0.05482145
    0.14844778
   -0.25462347
    0.03091819
   -0.06961505
   -0.03336133
   -0.03376058
   -0.03804508
    0.01178072
   -0.01839245
    0.02484885
   -0.05946177
   -0.06494803
   -0.05975568
   -0.06610630
   -0.03500957
   -0.05467958
    0.04401511
    0.07444566
    0.04868225
    0.04072941
    0.02570125
    0.06328098
    0.06060593
    0.08112154
    0.09462843
    0.07800946
    0.06034546
    0.04950103
    0.06123180
    0.06784965
    0.05210598
    0.05500014
    0.06253426
    0.04729562
    0.04824124
    0.06813842
    0.06771801
    0.06396133
    0.07084954
    0.05299811
    0.04910475
    0.06234571
    0.05095818
    0.07520009
    0.04061197
    0.04247629
    0.04020263
    0.06422902
    0.06264451
    0.05189184
    0.04095777
    0.05944254
    0.06085461
    0.03654822
    0.05224999
    0.06013615
    0.06332110
    0.04634422
    0.06164043
