           1           2  0.97769169506406806     
           2           3   1.0915648361822505     
           3           4   1.3622868742059209     
           4           5   1.4485322444245121     
           5           6   1.3914569170866344     
           6           7   1.0540217860729204     
           7           8   1.3899791516298043     
           8           9   1.4357940706696122     
           9          10   1.4304038514425506     
           8          11  0.10076143323514314     
          10          11   1.3428385873915620     
           7          12   1.3236931680571133     
          11          12   1.4101279398603790     
          12          13  0.87427932183215884     
          13          14   1.2995686096739019     
          14          15  0.94029575175042357     
          15          16   1.2614401985792683     
          16          17  0.98590988786733824     
          17          18   1.4013520811364777     
          18          19   1.3929558407012073     
          19          20   1.0012864750847565     
          19          21   1.3967070533918968     
          21          22   1.3948023222334640     
          22          23   1.0136675035212068     
          17          24   1.4017040521727708     
          22          24   1.3863801478849842     
          14          25   1.2252807216966881     
          25          26  0.92852072005200192     
          26          27   1.0100817675281102     
          26          28   1.0036283634120506     
          25          29  0.94039490338374199     
          29          30   1.0057193615627347     
          29          31   1.0056386168190095     
          14          32   1.2704560700313980     
          32          33  0.88325586110619447     
          33          34   1.3278197230212572     
          34          35   1.0454129929249301     
          35          36   1.3539849887158202     
          36          37   1.4871041225379733     
          37          38   1.3311824064769093     
          38          39   1.0888756606764676     
          39          40  0.97803748893134057     
          38          41   1.3608038910511309     
          35          42   1.3913089670461045     
          37          42  0.10243417452531772     
          41          42   1.4483739592550839     
          34          43   1.3929951424857219     
          43          44   1.4339060008357356     
          44          45   1.4297265639161840     
          33          46   1.4103673823980762     
          43          46  0.10032638701979898     
          45          46   1.3438246412089971     
          11          47  0.98578688867494746     
          46          47  0.98990766379341244     
          47          48  0.95663446384489270     
          10          49   1.0162894543701808     
          48          49   1.0027990444673665     
          47          50  0.95721259884379339     
          45          51   1.0162520376082196     
          50          51   1.0017617850341012     
           6          52   1.3517278005595184     
           3          53   1.3274235492672759     
           5          53  0.10159658001457521     
          52          53   1.4915414531947166     
           1          54  0.97631433079740837     
           1          55  0.97834677080882837     
           1          56  0.97615972784248439     
           4          57  0.96331970092702279     
           5          58  0.96492141472770421     
           8          59  0.96416378567591809     
           9          60  0.96544332207849681     
          18          61  0.94804974111867013     
          21          62  0.96041769113700970     
          24          63  0.95966396105890894     
          26          64  0.95610291851334273     
          27          65  0.96149714702225442     
          27          66  0.97426373961116508     
          27          67  0.97686416060123116     
          28          68  0.97858648447090513     
          28          69  0.97565233413278563     
          28          70  0.97866399184934849     
          29          71  0.92406298554135113     
          30          72  0.97228710162994136     
          30          73  0.98014769870761720     
          30          74  0.97648639152146366     
          31          75  0.97732576317419473     
          31          76  0.97746223350183459     
          31          77  0.97915718718651967     
          36          78  0.96056802954089426     
          37          79  0.96589530497692433     
          40          80  0.97615290056853254     
          40          81  0.97812052216908807     
          40          82  0.97608150046510500     
          41          83  0.96518068632926379     
          42          84  0.96887303465008667     
          43          85  0.96562771827662941     
          44          86  0.96552145834601510     
          48          87  0.97656355698857777     
          48          88  0.97845140088891991     
          49          89  0.96487828770652717     
          49          90  0.95547033850032470     
          50          91  0.97430833852538778     
          50          92  0.97660583785160893     
          51          93  0.96551694440451419     
          51          94  0.95543266807709526     
          52          95  0.96648198511349837     
          53          96  0.96626598601488556     
