    0.03005999
   -0.25330338
    0.14908051
   -0.07038165
    0.01803326
   -0.11363909
   -0.00133840
   -0.02062880
   -0.08871126
    0.57355207
   -0.17335385
    0.05049280
   -0.12580865
   -0.12294460
    0.04509037
   -0.12343050
   -0.12648951
   -0.27563450
    0.12347751
   -0.05504477
   -0.02784596
   -0.03755852
    0.01662748
   -0.01377359
    0.02454886
   -0.06020998
   -0.06630423
   -0.06239940
   -0.06775093
    0.01581684
   -0.03630595
   -0.02628729
   -0.05328520
    0.12020360
   -0.01388277
   -0.25804193
    0.01758434
   -0.11518395
   -0.08176637
    0.05320527
    0.07619841
    0.04396447
    0.06215626
    0.05308041
    0.06489099
    0.05687730
    0.04531051
    0.04842650
    0.06929319
    0.05910545
    0.06615011
    0.06066646
    0.05614112
    0.06821642
    0.05124163
    0.06734246
    0.05533661
    0.05471032
    0.06808956
    0.05148388
    0.06124669
    0.06436829
    0.06426749
    0.05358648
    0.04177073
    0.06447963
    0.06218406
    0.05361812
    0.04547582
    0.06800513
    0.06384008
    0.05741182
    0.06444715
    0.05889450
    0.05644629
    0.06271456
    0.05998265
    0.05211058
