           1           2  0.97500876468700981     
           2           3   1.0931335484869127     
           3           4   1.3270367875560012     
           4           5   1.4544296417429359     
           5           6   1.0306891122975972     
           5           7   1.3377299027258978     
           7           8  0.99967425512972474     
           8           9   1.1500323710800291     
           9          10  0.98530832555051884     
          10          11   1.2329354614584962     
          11          12  0.93963793881805013     
          12          13   1.0060847335326302     
          12          14   1.0033319905290115     
          11          15  0.93812744542868787     
          15          16   1.0066887177637378     
          15          17   1.0065646116056874     
          10          18   1.2752890627616629     
          18          19  0.87190676739570416     
          19          20   1.3835351407140828     
          20          21   1.4506304356580153     
          21          22   1.4200997637713102     
          20          23  0.10644169376439322     
          22          23   1.4401255386639600     
          19          24   1.4046043136735695     
          21          24  0.10485192093485005     
          23          24   1.3453071246252679     
          24          25  0.98991949750334851     
          25          26  0.95654459651508961     
          23          27   1.0167880489791159     
          26          27   1.0023292119769676     
          25          28  0.95539742418624052     
          28          29   1.0020738684967800     
          29          30   1.0175545484848563     
          30          31   1.4384426411882592     
          31          32   1.4200691236368661     
          30          33  0.10695877881068476     
          32          33   1.4506495914980302     
          33          34   1.3813723064204333     
          25          35  0.99176486757851312     
          30          35   1.3453236005584708     
          32          35  0.10409593734189877     
          34          35   1.4056953185833310     
          10          36   1.2900583103154601     
          34          36  0.88100532010425225     
           7          37   1.3726503547053406     
          37          38   1.0335764833988172     
           3          39   1.3627333053148354     
          37          39   1.4132535389646939     
           1          40  0.97633557316982245     
           1          41  0.97802888610191974     
           1          42  0.97464275227559782     
           4          43  0.96223212419153215     
           6          44  0.98246985455134017     
           6          45  0.96356072487825717     
           6          46  0.96557525135378852     
          12          47  0.94627254418675277     
          13          48  0.97801247625691756     
          13          49  0.97916708436053534     
          13          50  0.98106651320622251     
          14          51  0.98010080160322666     
          14          52  0.97944019436934715     
          14          53  0.98045662355052876     
          15          54  0.95487743569642569     
          16          55  0.98407955292537097     
          16          56  0.97970963215905049     
          16          57  0.97891573411637722     
          17          58  0.97620364316638697     
          17          59  0.97979262081169771     
          17          60  0.97913109442901414     
          20          61  0.96161090250079018     
          21          62  0.96770788557104093     
          22          63  0.96597218946139907     
          26          64  0.97675458208119703     
          26          65  0.97855070505144282     
          27          66  0.95478421924389223     
          27          67  0.96490224727223550     
          28          68  0.97676959394509877     
          28          69  0.97594194674466139     
          29          70  0.96186176140475055     
          29          71  0.95399848023345379     
          31          72  0.96520660644519740     
          32          73  0.96766465714906702     
          33          74  0.96350322365340313     
          38          75  0.95834794370719123     
          38          76  0.97222125519880009     
          38          77  0.97845744851395200     
          39          78  0.96135083979818647     
