    0.03336108
   -0.24829886
    0.15157352
   -0.04944402
   -0.02448632
   -0.04500082
    0.03396082
   -0.05157290
   -0.06004084
    0.27761188
   -0.13201874
   -0.04719086
    0.08472446
   -0.12455923
   -0.12571464
   -0.12464539
   -0.12720643
   -0.03208573
    0.05281284
   -0.04603280
   -0.03389164
    0.01288275
   -0.03053947
   -0.02096471
   -0.02171982
   -0.03201814
    0.01080747
   -0.00780724
   -0.01265117
    0.05642106
   -0.04872798
   -0.03366054
    0.00937319
   -0.03418734
   -0.02570181
   -0.02482645
   -0.03519953
    0.00990465
   -0.11569092
   -0.04124706
   -0.07234405
    0.03894887
    0.04723591
    0.07553197
    0.07206897
    0.06307564
    0.05392232
    0.06940493
    0.06918328
    0.06099176
    0.05818465
    0.05124866
    0.06707058
    0.05062690
    0.05116501
    0.06708036
    0.06040328
    0.05445517
    0.07243655
    0.05883422
    0.06011316
    0.06185441
    0.03849625
    0.05357745
    0.04962788
    0.05336261
    0.05041142
    0.04038416
    0.05087022
    0.05270853
    0.04784165
    0.05091188
    0.04827317
    0.03741815
    0.06565178
    0.07190744
    0.07433482
    0.04642774
