           1           2  0.97802104001234946     
           2           3   1.0934230572676169     
           3           4   1.3316882984048866     
           4           5   1.4759030695002719     
           5           6   1.4089943619132312     
           6           7   1.4171521507548230     
           7           8  0.97608799103656807     
           8           9   1.1524879663020982     
           9          10  0.97797499368633756     
          10          11   1.2515064652957058     
          11          12  0.97089126166525463     
          11          13  0.92273491767467386     
          13          14  0.99430032396170742     
          13          15  0.99536387987717045     
          13          16  0.99805072427277841     
          10          17   1.2091865868882143     
          17          18  0.97682694469183651     
          17          19  0.95019427851578775     
          19          20   1.2879506242299146     
          20          21   1.5564510942650096     
          21          22   1.2728239993913470     
          22          23   1.2824087724797033     
          23          24   1.5529084702699072     
          24          25   1.3237552488291731     
          23          26  0.11689666963266625     
          25          26   1.5512001443055079     
          22          27   1.2522155898526954     
          26          27   1.2855535327397325     
          19          28   1.4497535243502950     
          21          28  0.10479581113625056     
          27          28   1.2341703838365743     
          28          29   1.0301947351383216     
          29          30   1.4475370556120981     
          30          31   1.2829634058937645     
          29          32  0.10532824431589889     
          31          32   1.5576365810162369     
          32          33   1.2730542737125361     
          33          34   1.2798819241742532     
          34          35   1.5544852357731618     
          35          36   1.3226402516100628     
          34          37  0.11758723790968684     
          36          37   1.5523323680613479     
          29          38   1.2350836810882093     
          33          38   1.2532281859546903     
          37          38   1.2823398219263731     
          10          39   1.2100226385888109     
          30          39  0.99617887262167215     
          39          40  0.96958318739072213     
           3          41   1.3644994633293090     
           7          41   1.3983140345203757     
           1          42  0.97391368197368289     
           1          43  0.97605827203127959     
           1          44  0.97797710688493933     
           4          45  0.96528857500291532     
           5          46  0.96616871993392761     
           6          47  0.96711040225487399     
          12          48  0.97315701900926965     
          12          49  0.96367330110489635     
          12          50  0.97612217517247468     
          14          51  0.98207090212004611     
          14          52  0.98255119342620589     
          14          53  0.97856648743060215     
          15          54  0.98168894841082444     
          15          55  0.97264784376350977     
          15          56  0.97955865664309782     
          16          57  0.94354770076923211     
          16          58  0.97367278979767180     
          16          59  0.97614876407256213     
          18          60  0.97532703257959097     
          18          61  0.96789764104610621     
          18          62  0.97622986315902549     
          20          63  0.96087422997513716     
          21          64  0.96619941745742421     
          23          65  0.96684512840345815     
          24          66  0.96908690006642051     
          25          67  0.96938983136942392     
          26          68  0.96546378998781579     
          31          69  0.96229783841530381     
          32          70  0.96625164914526662     
          34          71  0.96695516890636024     
          35          72  0.96931087840465491     
          36          73  0.96958659423449878     
          37          74  0.96517579670488884     
          40          75  0.96991982473357086     
          40          76  0.96259094733098594     
          40          77  0.97714380027848091     
          41          78  0.96226657766140833     
