    0.03238664
   -0.26574009
    0.14792368
   -0.05763198
   -0.03295928
   -0.00108144
   -0.00820869
   -0.03856100
   -0.04075955
    0.01018858
   -0.01786483
    0.11929723
   -0.26979874
    0.52096522
   -0.02971024
   -0.01586500
    0.04153678
   -0.04552572
   -0.02264420
   -0.06360935
    0.15332339
   -0.26322144
    0.02850133
   -0.06727277
   -0.17453049
    0.05078967
   -0.12177413
   -0.12052326
    0.04836548
   -0.12482159
   -0.11911009
   -0.25431689
    0.11147174
   -0.00843869
   -0.00504484
   -0.03465124
   -0.05379924
    0.14922793
   -0.25437380
    0.03104351
   -0.06767563
   -0.03224686
   -0.03344422
   -0.03726443
    0.01235372
   -0.01637121
    0.02508724
   -0.05890854
   -0.06455474
   -0.05986002
   -0.06459393
   -0.03692988
   -0.06644811
    0.04427617
    0.05069495
    0.06862308
    0.05107935
    0.04182414
    0.05916898
    0.05832178
    0.05621583
    0.06002927
    0.05798280
    0.06854311
    0.05524077
    0.05173662
    0.05650325
    0.04542657
    0.05849110
    0.06276640
    0.05743777
    0.05863370
    0.07212426
    0.04386964
    0.06724917
    0.04688044
    0.06025958
    0.05875534
    0.05124178
    0.04731573
    0.06491515
    0.05014547
    0.06215810
    0.04273559
    0.04953967
    0.07399408
    0.04594640
    0.03654056
    0.06347065
    0.06184775
    0.05081730
    0.03809696
    0.05770289
    0.06051614
    0.05081282
    0.04210691
    0.05980326
    0.06080818
    0.03871032
    0.04631423
