           1           2  0.97812065409945703     
           2           3   1.0773617937444555     
           3           4   1.3374236993933122     
           4           5   1.4852972741072952     
           5           6   1.3601939478376881     
           6           7   1.0571373458759921     
           7           8   1.3871649211530062     
           8           9   1.4380511276476442     
           9          10   1.4259575840346066     
           8          11  0.10019091896849781     
          10          11   1.3484744807725464     
           7          12   1.3312342749902697     
          11          12   1.4065497432262062     
          12          13  0.88179922015255474     
          13          14   1.2708814389319385     
          14          15  0.90320209030985965     
          15          16   1.3014488975245009     
          16          17  0.97046499513200390     
          17          18   1.3737955396241226     
          18          19   1.4429348226864878     
          19          20   1.4340818259678634     
          20          21   1.3647898243932164     
          21          22   1.0842736480674786     
          22          23  0.97393183001648709     
          17          24   1.4394442342817582     
          19          24  0.10243880191854778     
          21          24   1.3356594300597391     
          14          25   1.2154669621293732     
          25          26  0.94368183177602027     
          26          27   1.0034105098354194     
          26          28   1.0061292797982220     
          25          29  0.93925063055917268     
          29          30   1.0042684257744914     
          29          31   1.0072815119097216     
          14          32   1.3039907229535048     
          32          33  0.88023301824944977     
          33          34   1.3340359792217942     
          34          35   1.0347658771778336     
          35          36   1.3572725699547079     
          36          37   1.4832304658288740     
          37          38   1.3330481406842933     
          38          39   1.0888647486924801     
          39          40  0.97823919823448913     
          38          41   1.3625256120001992     
          35          42   1.3943602859596727     
          37          42  0.10335686276548547     
          41          42   1.4463445916850735     
          34          43   1.3980602587716451     
          43          44   1.4319723109898803     
          44          45   1.4309527878473376     
          33          46   1.4080727849459069     
          43          46  0.10090722065044117     
          45          46   1.3466093793030640     
          11          47  0.98815390168522987     
          46          47  0.98997412584462552     
          47          48  0.95747916953878032     
          10          49   1.0159440635793320     
          48          49   1.0025713165999544     
          47          50  0.95649825189201265     
          45          51   1.0160518669585727     
          50          51   1.0020962955698811     
           4          52  0.10252326569773694     
           6          52   1.3843845786568867     
           3          53   1.3636758300387977     
          52          53   1.4486225383669749     
           1          54  0.97647465165965652     
           1          55  0.97656694146926037     
           1          56  0.97896359822734269     
           4          57  0.96261473627659588     
           5          58  0.96679364554708502     
           8          59  0.96445527105074025     
           9          60  0.96602827917735257     
          18          61  0.96586674976663422     
          19          62  0.96670110087442618     
          20          63  0.96388679720814996     
          23          64  0.97925113550570053     
          23          65  0.97575826846845115     
          23          66  0.97645116809374310     
          24          67  0.94070914379871906     
          26          68  0.93886071847893260     
          27          69  0.97366900353344421     
          27          70  0.97963342783519325     
          27          71  0.97913074421575663     
          28          72  0.98033310930246242     
          28          73  0.97874670256786434     
          28          74  0.96559639987141166     
          29          75  0.95182350504807056     
          30          76  0.98058126621821473     
          30          77  0.97358631763330283     
          30          78  0.98164418708213530     
          31          79  0.97559090860864450     
          31          80  0.98264473745558389     
          31          81  0.97974036876813764     
          36          82  0.95573524600732440     
          37          83  0.96593599152575482     
          40          84  0.97650895223987111     
          40          85  0.97619592101257369     
          40          86  0.97836440611599751     
          41          87  0.96489272968045769     
          42          88  0.96698104937359208     
          43          89  0.96599602783353011     
          44          90  0.96561817607313816     
          48          91  0.97735262540975354     
          48          92  0.97882603602126195     
          49          93  0.96566649343948796     
          49          94  0.95610504942564478     
          50          95  0.97734835858349289     
          50          96  0.97856384456005252     
          51          97  0.96594516048116985     
          51          98  0.95580278354171233     
          52          99  0.96649830646301016     
          53         100  0.96518493505862857     
