    0.02581709
   -0.25928241
    0.12309618
   -0.06465408
   -0.03758506
    0.00535104
   -0.01375228
    0.09832040
   -0.24041336
    0.52776552
   -0.00071994
   -0.05048342
    0.04432468
   -0.03071735
   -0.02133312
   -0.02330281
   -0.02212863
   -0.02840075
   -0.16531442
    0.04414050
   -0.11611445
   -0.12318027
    0.04637926
   -0.12385009
   -0.12862465
   -0.26767726
    0.10204665
    0.12465871
   -0.26606419
    0.02866732
   -0.06989523
   -0.04091474
    0.00332946
   -0.01535624
    0.02685697
   -0.06074872
   -0.06425062
   -0.06106047
   -0.06522957
    0.05651593
    0.07625278
    0.06041821
    0.06838709
    0.06772525
    0.05143080
    0.05088254
    0.05133799
    0.05038327
    0.04479953
    0.06317971
    0.05066543
    0.05703530
    0.06356261
    0.05900860
    0.06733801
    0.04800711
    0.06440841
    0.05233432
    0.06040834
    0.06477808
    0.04856485
    0.06762627
    0.06708105
    0.05346254
    0.07180987
    0.05506041
    0.06415767
    0.06517198
    0.05411543
    0.03998978
    0.05999282
    0.06301491
    0.05421706
    0.04417907
    0.06157946
    0.06141784
