           1           2  0.96736090913969597     
           2           3   1.0644904464669964     
           3           4   1.3876516443785556     
           4           5   1.4169218828807160     
           5           6   1.4427657516863370     
           6           7   1.3367497605578658     
           3           8   1.2995687640765443     
           7           8   1.4196662425118602     
           8           9  0.89576602481036516     
           9          10   1.2871503433756617     
          10          11  0.91314104740250968     
          11          12   1.2531016994250752     
          12          13  0.97142807624973670     
          13          14   1.4096570567071935     
          14          15   1.4414564876361551     
          13          16  0.10339481987435555     
          15          16   1.4340146801176634     
          14          17  0.10983146069457353     
          16          17   1.4380310724184824     
          13          18   1.4047438438869468     
          15          18  0.10883302163403955     
          17          18   1.4394986147399338     
          10          19   1.2502223376658064     
          19          20  0.94295294855204292     
          20          21   1.0025149367458621     
          20          22   1.0060158339191931     
          19          23  0.93595568045813449     
          23          24   1.0061628386072821     
          23          25   1.0073204242469493     
          10          26   1.2789845144877243     
          26          27  0.88947569926508563     
          27          28   1.2957871755977484     
          28          29   1.0699286191306923     
          29          30  0.97185527450780351     
          28          31   1.3873969953897645     
          31          32   1.4140213116912381     
          32          33   1.4456607851482581     
          27          34   1.4211402290418043     
          33          34   1.3337348884670075     
           7          35  0.99368859320360359     
          34          35  0.98728873367901926     
          35          36  0.95361182647526421     
           6          37   1.0147572697929150     
          36          37   1.0019621975271353     
          35          38  0.95848492702146348     
          33          39   1.0143308684838097     
          38          39   1.0023543989100612     
           1          40  0.97595771165900214     
           1          41  0.97795768596227273     
           1          42  0.97646646989977270     
           4          43  0.96262387822306916     
           5          44  0.96580848251404716     
          14          45  0.95722488510387904     
          15          46  0.96804292102305922     
          16          47  0.96936823005607342     
          17          48  0.96820967295926053     
          18          49  0.96492352162489259     
          20          50  0.94305310203803450     
          21          51  0.98349436465968576     
          21          52  0.97981610448656076     
          21          53  0.98022522905042342     
          22          54  0.98046148121974663     
          22          55  0.97970828134035393     
          22          56  0.96781696048464871     
          23          57  0.95469866294244987     
          24          58  0.98398304304343620     
          24          59  0.97845827458872725     
          24          60  0.98010070054243315     
          25          61  0.97565309703821623     
          25          62  0.96788139494990988     
          25          63  0.97916243370938316     
          30          64  0.97504832546246578     
          30          65  0.97802099069869697     
          30          66  0.97683124331683957     
          31          67  0.96269441103863662     
          32          68  0.96595524477346983     
          36          69  0.97645661699807729     
          36          70  0.97548475274101876     
          37          71  0.96715436237569863     
          37          72  0.95659144376486482     
          38          73  0.97706072755629325     
          38          74  0.97840799437804560     
          39          75  0.95738227562715361     
          39          76  0.96525088732999931     
