    0.02985894
   -0.24750128
    0.15203252
   -0.05158633
   -0.02614816
   -0.04822338
    0.03635378
   -0.05420490
   -0.08393149
    0.26287394
   -0.13798969
    0.04900362
   -0.11662102
   -0.12193594
    0.08744302
   -0.12231125
   -0.13012600
   -0.12972032
   -0.12373075
   -0.03164549
    0.05235264
   -0.05110143
   -0.03303414
    0.01319632
   -0.03043742
   -0.02195879
   -0.02250344
   -0.03280411
    0.01173949
   -0.00796519
   -0.00509524
    0.05114504
   -0.04319000
   -0.02960895
    0.01507785
   -0.02922771
   -0.02190262
   -0.02315526
   -0.03211552
    0.01313125
   -0.11281646
   -0.03900901
   -0.07373981
    0.05161669
    0.07808841
    0.04300371
    0.07025035
    0.05712817
    0.04604090
    0.05496605
    0.04602388
    0.05631420
    0.05681848
    0.05774456
    0.06478746
    0.04635667
    0.05556856
    0.05451934
    0.06493133
    0.05801952
    0.06453801
    0.05481295
    0.05821364
    0.06063062
    0.07042690
    0.06534697
    0.05620356
    0.06027522
    0.03837131
    0.05241934
    0.04803475
    0.05097459
    0.04794207
    0.03843631
    0.04260836
    0.05605761
    0.04950583
    0.05107581
    0.04688659
    0.03755150
    0.06547859
    0.06311080
    0.06867108
    0.05138203
