           1           2  0.97587285093040077     
           2           3   1.0973088600315184     
           3           4   1.3265473023747574     
           4           5   1.4794289959860059     
           5           6   1.4063050003095288     
           6           7   1.4095965122702536     
           7           8  0.98297450890250038     
           8           9   1.1800369789076222     
           9          10  0.92125698554115021     
          10          11   1.2591688242668628     
          11          12  0.93459826658046086     
          12          13   1.0054082912594640     
          12          14  0.99993249848945709     
          11          15  0.91925707552383440     
          15          16  0.99501148288954588     
          15          17  0.99494571298823709     
          15          18  0.99601401332773354     
          10          19   1.2220299514779380     
          19          20  0.97393236566016006     
          19          21  0.97321621776616729     
          21          22   1.2851797231980944     
          22          23   1.5560486941839866     
          23          24   1.2740362830413814     
          24          25   1.2802790149383023     
          25          26   1.5546446905795013     
          26          27   1.3231802418092344     
          25          28  0.11746992829386514     
          27          28   1.5520390511764803     
          24          29   1.2544335340989408     
          28          29   1.2852660533620235     
          21          30   1.4581353529389798     
          23          30  0.10563177532590622     
          29          30   1.2313168036047062     
          30          31   1.0331385821935171     
          31          32   1.4571133277446910     
          32          33   1.2914789733152023     
          31          34  0.10597455197572964     
          33          34   1.5528485343569984     
          34          35   1.2733410366275222     
          35          36   1.2806650189174047     
          36          37   1.5546844050629085     
          37          38   1.3230166514368875     
          36          39  0.11713547199474621     
          38          39   1.5505664750658052     
          31          40   1.2337484600572728     
          35          40   1.2534119344166079     
          39          40   1.2828923259947858     
          10          41   1.2510795640068142     
          32          41  0.95836875002355459     
          41          42  0.97213023692575173     
           3          43   1.3672479748883186     
           7          43   1.3980273334363025     
           1          44  0.97614153457651920     
           1          45  0.97779818995546919     
           1          46  0.97642478485932160     
           4          47  0.96558797161597654     
           5          48  0.96698387411844877     
           6          49  0.96404099553985345     
          12          50  0.93454058606143053     
          13          51  0.97931793095822983     
          13          52  0.97625455838946329     
          13          53  0.98025566282336807     
          14          54  0.98037420277116394     
          14          55  0.97959223869494172     
          14          56  0.97918638490508236     
          16          57  0.97553214195945048     
          16          58  0.98090881039218347     
          16          59  0.97766955065260586     
          17          60  0.97877732775393045     
          17          61  0.97923134001967282     
          17          62  0.96104501217403726     
          18          63  0.97855578471126126     
          18          64  0.94093891003403041     
          18          65  0.97749673809792048     
          20          66  0.97589834659110819     
          20          67  0.97130206267098673     
          20          68  0.96239912554447504     
          22          69  0.96159565764444954     
          23          70  0.96617589441538176     
          25          71  0.96697346769321768     
          26          72  0.96930644522084419     
          27          73  0.96964383367791585     
          28          74  0.96480368935120842     
          33          75  0.96434154150582130     
          34          76  0.96599220852550660     
          36          77  0.96689166690955242     
          37          78  0.96931253492961833     
          38          79  0.96973109030807958     
          39          80  0.96551693231353464     
          42          81  0.97569992988547538     
          42          82  0.97634766904986314     
          42          83  0.96460183227003626     
          43          84  0.96158138030326934     
