   -0.12273489
    0.04162110
   -0.13110405
   -0.14339329
    0.04758770
   -0.11913018
   -0.11973837
    0.30196752
   -0.04636521
   -0.03357081
    0.03904334
   -0.03071066
   -0.01620175
   -0.01882792
   -0.01967863
   -0.03055127
    0.48975528
   -0.19170546
   -0.19517716
   -0.21835986
   -0.12939795
   -0.03346314
    0.05223632
   -0.05459111
   -0.02988782
   -0.03756325
    0.01445878
   -0.01048071
    0.01831525
   -0.05908196
   -0.06543166
   -0.05739643
   -0.06384058
    0.01253374
   -0.03562667
   -0.02629691
   -0.04594158
    0.05018591
   -0.01011496
   -0.12429679
   -0.03784339
    0.05303618
    0.05214219
    0.07167294
    0.06811665
    0.06653706
    0.05921248
    0.06561627
    0.05062063
    0.05958278
    0.04417742
    0.06047732
    0.06403559
    0.04628920
    0.05937508
    0.06562702
    0.07161090
    0.07567165
    0.08200432
    0.05706703
    0.06042540
    0.06168194
    0.04297993
    0.05372535
    0.05583604
    0.03624839
    0.05056004
    0.05617386
    0.05936407
    0.04928212
    0.03210240
    0.05988339
    0.05020512
    0.05619624
    0.05863480
    0.04334815
    0.06442342
    0.06394632
    0.06290983
