           1           2   1.0086814914241780     
           2           3   1.0038929120891671     
           2           4  0.93605018864361245     
           4           5  0.93637938117155006     
           5           6   1.0052756810590755     
           5           7   1.0020793171886178     
           4           8   1.2502622985250214     
           8           9  0.96435847215034354     
           9          10   1.1760277751537844     
          10          11   1.0039148792490735     
          11          12   1.3871355568862940     
          12          13   1.4491006301024347     
          11          14  0.10081664914758307     
          13          14   1.4266082296539684     
          12          15  0.10532321328264978     
          14          15   1.4421150040655575     
          11          16   1.3785575166203421     
          13          16  0.10278245704194081     
          15          16   1.4079400792427808     
          16          17  0.94947078184489886     
          17          18  0.96420391370157221     
          17          19  0.95350964653443460     
          17          20  0.92441582354995855     
           8          21   1.2274070642602457     
          21          22  0.97399647044182502     
          21          23  0.95724808236834213     
          23          24   1.3692357327781361     
          24          25   1.4586710752652285     
          25          26   1.4146003844222446     
          24          27  0.10550677762171884     
          26          27   1.4428370812699540     
          23          28   1.4049209339272544     
          25          28  0.10193301377268776     
          27          28   1.3470352278567845     
          28          29  0.98978898548883876     
          29          30  0.95582800894577646     
          27          31   1.0159539955888870     
          30          31   1.0033040562279940     
          29          32  0.95865793589186310     
          32          33   1.0021827997947481     
          33          34   1.0142813591191979     
          34          35   1.4425286797066956     
          35          36   1.4144747362069519     
          34          37  0.10625618107264839     
          36          37   1.4554858580774694     
          37          38   1.3751473211352117     
          29          39  0.99111020405486450     
          34          39   1.3482880450385895     
          36          39  0.10307303596906038     
          38          39   1.4031056080298270     
           8          40   1.2371099583101623     
          38          40  0.95278582751449992     
          40          41  0.97222503457785370     
           1          42  0.96074975965756693     
           1          43  0.98175538726774603     
           1          44  0.97795701582115935     
           2          45  0.95232387807633656     
           3          46  0.96332421701543547     
           3          47  0.97952963406277460     
           3          48  0.97892468679627398     
           5          49  0.93758937634792527     
           6          50  0.98035421379091425     
           6          51  0.97945686244348940     
           6          52  0.98115412112489020     
           7          53  0.97910344666696214     
           7          54  0.97724479162832734     
           7          55  0.97817457888924941     
          12          56  0.96113501779106458     
          13          57  0.96544441927547853     
          14          58  0.96593250446430035     
          15          59  0.96212729155893950     
          22          60  0.97602882162700766     
          22          61  0.97121468805883637     
          22          62  0.96480940133414994     
          24          63  0.95925478252321128     
          25          64  0.96868644120190117     
          26          65  0.96700540296732951     
          30          66  0.97786212799127004     
          30          67  0.97675049870916097     
          31          68  0.96599768082764126     
          31          69  0.95579666551877862     
          32          70  0.97761858576734129     
          32          71  0.97734688137442083     
          33          72  0.95691525314316983     
          33          73  0.96608113151878172     
          35          74  0.96716543637357522     
          36          75  0.96839568569587720     
          37          76  0.96427901415142214     
          41          77  0.96289873282956429     
          41          78  0.97776713241173674     
          41          79  0.97541615067646037     
