   -0.12832396
    0.04426604
   -0.12300010
   -0.13820652
    0.04185229
   -0.11427976
   -0.00901075
   -0.03383807
   -0.02597377
   -0.02423265
   -0.02639421
   -0.03699817
    0.28638698
   -0.06766422
   -0.05674619
    0.03826616
   -0.03297477
   -0.02422984
   -0.02393046
   -0.02408599
   -0.03222683
   -0.11828766
   -0.03857917
    0.05216511
   -0.04393243
   -0.02988133
    0.01449231
   -0.02934287
   -0.02231229
   -0.02346158
   -0.03266020
    0.01277817
   -0.00631553
   -0.00895792
    0.05269579
   -0.05198702
   -0.03312277
    0.01260214
   -0.03049825
   -0.02220659
   -0.02249864
   -0.03263963
    0.01198906
   -0.12647263
   -0.03074221
    0.06115025
    0.06534250
    0.05586640
    0.06585724
    0.07150116
    0.05455137
    0.05194320
    0.05383646
    0.04601255
    0.05836025
    0.06201212
    0.03943587
    0.05078451
    0.05180570
    0.04489204
    0.02562734
    0.04596521
    0.05277334
    0.05659031
    0.05620485
    0.05131122
    0.06696871
    0.07018270
    0.05919462
    0.04207182
    0.05579490
    0.04936601
    0.05077201
    0.04643003
    0.03700874
    0.03868597
    0.05228280
    0.04772805
    0.05059195
    0.04768020
    0.03826889
    0.05388074
    0.06388007
    0.06590882
