           1           2   1.0041101394113479     
           2           3   1.0077525301486125     
           2           4  0.93908218996106863     
           4           5  0.91863911609144211     
           5           6   1.0033199534781851     
           5           7  0.98667387459426803     
           7           8   1.4166097261095856     
           8           9   1.4399207257194595     
           7          10  0.10986125216623471     
           9          10   1.4417610112696222     
           8          11  0.11000913210056526     
          10          11   1.4354953801037329     
           7          12   1.4047353122891322     
           9          12  0.11132954758561570     
          11          12   1.4471195618784887     
           4          13   1.2764512143665749     
          13          14  0.95318290305132380     
          14          15   1.1700473385173726     
          15          16  0.98246139034163893     
          16          17   1.4010399227882180     
          17          18   1.4395044538348394     
          16          19  0.10232948157199349     
          18          19   1.4377506041306722     
          17          20  0.10853724176431213     
          19          20   1.4332178321883884     
          16          21   1.4042625284575385     
          18          21  0.10951005107820684     
          20          21   1.4431799376187655     
          13          22   1.2277186963402162     
          22          23  0.97273559298136381     
          22          24  0.96057757644145714     
          24          25   1.2889122795592802     
          25          26   1.5547329985558875     
          26          27   1.2728026015349179     
          27          28   1.2808688640064581     
          28          29   1.5545232821144106     
          29          30   1.3230547593596957     
          28          31  0.11721974898960097     
          30          31   1.5509424125046354     
          27          32   1.2535541598611166     
          31          32   1.2827088293051774     
          24          33   1.4561145318915225     
          26          33  0.10547951638901447     
          32          33   1.2340331249612986     
          33          34   1.0310496769191868     
          34          35   1.4572900108509599     
          35          36   1.2834855692424652     
          34          37  0.10570520970432241     
          36          37   1.5556100831168511     
          37          38   1.2742015214706193     
          38          39   1.2801346585896474     
          39          40   1.5547970984394492     
          40          41   1.3230791595404563     
          39          42  0.11753119117233782     
          41          42   1.5522849233493325     
          34          43   1.2323275541041339     
          38          43   1.2543182119250413     
          42          43   1.2849783752854613     
          13          44   1.2173789906011412     
          35          44  0.97611903791324861     
          44          45  0.97348827919229786     
           1          46  0.96668931899066279     
           1          47  0.97957372568720058     
           1          48  0.98122509782504497     
           2          49  0.95125917868496634     
           3          50  0.97795472796056881     
           3          51  0.95905133282381483     
           3          52  0.98097020318695061     
           5          53  0.93709286461332886     
           6          54  0.98050322207239127     
           6          55  0.97797602376976467     
           6          56  0.97889218280219970     
           8          57  0.96238211715253019     
           9          58  0.96956493477247829     
          10          59  0.96966247066096167     
          11          60  0.96987968953306680     
          12          61  0.96453902445227568     
          17          62  0.96408962647732066     
          18          63  0.96797044372295726     
          19          64  0.96894362827248059     
          20          65  0.96756960496182298     
          21          66  0.96583449228340756     
          23          67  0.96455286730283973     
          23          68  0.97562850756885910     
          23          69  0.97522927863873687     
          25          70  0.96353818999221996     
          26          71  0.96603076928320286     
          28          72  0.96691299853504076     
          29          73  0.96935229918480958     
          30          74  0.96977417707596958     
          31          75  0.96568656216149906     
          36          76  0.96192863008731289     
          37          77  0.96619600321121590     
          39          78  0.96702611685128992     
          40          79  0.96935238081745378     
          41          80  0.96967775214688334     
          42          81  0.96497577619083597     
          45          82  0.97156965195069556     
          45          83  0.96121925348202752     
          45          84  0.97736092366415139     
