   -0.11377137
    0.02001639
   -0.03588589
   -0.02633907
   -0.03013734
   -0.03459471
    0.02471626
   -0.01665495
   -0.07062354
    0.57591657
   -0.17192114
    0.04461779
   -0.12664281
   -0.12417173
    0.05050505
   -0.12316037
   -0.12531641
   -0.27551366
    0.12332655
   -0.05488580
   -0.02768766
   -0.03724280
    0.01713410
   -0.01419298
    0.02424028
   -0.06076668
   -0.06654726
   -0.06097552
   -0.06705029
    0.01588046
   -0.03582973
   -0.02459945
   -0.05227700
    0.11894445
   -0.01426201
   -0.25616850
    0.06525238
    0.05721926
    0.05199279
    0.05236618
    0.05113844
    0.04963455
    0.04503883
    0.06920257
    0.06962685
    0.05408786
    0.05187657
    0.05224626
    0.06845178
    0.05593441
    0.04530791
    0.06142153
    0.05637456
    0.06661197
    0.06994495
    0.04700183
    0.05991249
    0.06005961
    0.06519334
    0.06528420
    0.05445801
    0.04304713
    0.06327830
    0.06490744
    0.04009016
    0.05439904
    0.06057523
    0.06606488
    0.06445970
    0.06877936
    0.06068039
