           1           2   1.0318809106753288     
           2           3   1.4060985967238726     
           3           4   1.4420908950194256     
           2           5  0.10403166931472449     
           4           5   1.4296252225148034     
           3           6  0.10743805560116088     
           5           6   1.4395591712655134     
           2           7   1.3697823836807150     
           6           7   1.4133571517629993     
           7           8  0.97659407468827797     
           8           9   1.1771351078408430     
           9          10  0.96878105512888413     
          10          11   1.2347979723786793     
          11          12  0.93672223480312766     
          12          13   1.0068061346572679     
          12          14   1.0067962409540778     
          11          15  0.93820445136007269     
          15          16   1.0035914992015054     
          15          17   1.0060431083917960     
          10          18   1.2806895744336100     
          18          19  0.87156203712192015     
          19          20   1.3838179650008526     
          20          21   1.4499843349181867     
          21          22   1.4208019648188759     
          20          23  0.10636685292609387     
          22          23   1.4393630183117467     
          19          24   1.4042951717956702     
          21          24  0.10476191437035152     
          23          24   1.3456207158765729     
          24          25  0.99005987903367898     
          25          26  0.95656202642150423     
          23          27   1.0170408659309096     
          26          27   1.0023864054938056     
          25          28  0.95556500942705225     
          28          29   1.0021716184441591     
          29          30   1.0167786239854939     
          30          31   1.4395853004000276     
          31          32   1.4201618122927799     
          30          33  0.10723462716115033     
          32          33   1.4505084116790206     
          33          34   1.3825107759894169     
          25          35  0.99134621469169537     
          30          35   1.3448441028981137     
          32          35  0.10419798335116727     
          34          35   1.4066131329179921     
          10          36   1.3027750398208848     
          34          36  0.87474601094795545     
           1          37  0.96346171782867462     
           1          38  0.98223393798080783     
           1          39  0.96779936943388745     
           3          40  0.96556054605501296     
           4          41  0.96837809256994811     
           5          42  0.96735531304625422     
           6          43  0.96527139443848275     
          12          44  0.95473585163669461     
          13          45  0.97933773756524511     
          13          46  0.97522102805475774     
          13          47  0.97911415338601948     
          14          48  0.98396601173717202     
          14          49  0.97937867246878529     
          14          50  0.97873470776308902     
          15          51  0.94611593592716603     
          16          52  0.97933119892055864     
          16          53  0.98066599330654092     
          16          54  0.97988577954580680     
          17          55  0.97896864733699507     
          17          56  0.97823980930710241     
          17          57  0.98095945576768684     
          20          58  0.96139607307902619     
          21          59  0.96762003027619703     
          22          60  0.96585174769588233     
          26          61  0.97664130594521037     
          26          62  0.97845886346989785     
          27          63  0.96468179237746354     
          27          64  0.95456673567320816     
          28          65  0.97623471652481808     
          28          66  0.97669400981195098     
          29          67  0.96325001480140549     
          29          68  0.95434144413744693     
          31          69  0.96572861470389959     
          32          70  0.96725342036545270     
          33          71  0.96272421565437927     
