   -0.12849811
    0.03819861
   -0.12730799
   -0.14918633
    0.08597378
   -0.12335907
   -0.12858743
   -0.11970086
    0.32189431
   -0.07143559
   -0.05749776
    0.03347689
   -0.03780093
   -0.03172994
    0.01514196
   -0.03079012
   -0.02149965
   -0.02213694
   -0.03272165
    0.01425100
   -0.03996469
   -0.13194031
   -0.02919483
    0.05328320
   -0.05316779
   -0.03401638
    0.01164821
   -0.03091372
   -0.02256947
   -0.02259298
   -0.03203819
    0.01177269
   -0.01131562
   -0.00986285
    0.05388833
   -0.04857179
   -0.03082728
    0.01344265
   -0.02961510
   -0.02331353
   -0.02408907
   -0.03366750
    0.01241520
   -0.12535242
   -0.04049145
    0.05032133
    0.06474748
    0.05933301
    0.07151413
    0.05885014
    0.05285336
    0.06908965
    0.06666964
    0.04838705
    0.05592261
    0.06451535
    0.05627865
    0.05821904
    0.06295052
    0.05193239
    0.04086646
    0.04711042
    0.05313649
    0.04780729
    0.05083501
    0.04859036
    0.03995109
    0.04503299
    0.04915632
    0.06734748
    0.06371687
    0.03834678
    0.05155447
    0.04692622
    0.04998104
    0.04738251
    0.03826715
    0.04487332
    0.05377869
    0.04815633
    0.04901978
    0.04297111
    0.03388588
    0.07437307
    0.07029578
    0.05542323
