           1           2   1.0051435854425039     
           2           3   1.0078258724049471     
           2           4  0.93393058538863116     
           4           5  0.90826544460412006     
           5           6  0.99248981099975864     
           5           7  0.99955035465776143     
           5           8  0.99650497605222110     
           4           9   1.2602125818866385     
           9          10  0.96483803175310079     
          10          11   1.1706859699963779     
          11          12  0.98284084127313864     
          12          13   1.2900261500886276     
          13          14   1.5606752006069131     
          14          15   1.2738754620092845     
          15          16   1.2848132835353119     
          16          17   1.5525464663663757     
          17          18   1.3211812497228823     
          16          19  0.11668219187971650     
          18          19   1.5564327233541588     
          15          20   1.2459179241863314     
          19          20   1.2765130180766504     
          12          21   1.5063192518286708     
          14          21  0.10907355086391243     
          20          21   1.2806406232716094     
           9          22   1.1841123197399568     
          22          23  0.97382070551401667     
          22          24  0.98662170215822065     
          24          25   1.2740891076215954     
          25          26   1.5581158185140458     
          26          27   1.2728641759210890     
          27          28   1.2806318231187959     
          28          29   1.5543560138789085     
          29          30   1.3232204830665830     
          28          31  0.11741857773010943     
          30          31   1.5521274102078211     
          27          32   1.2545442803517548     
          31          32   1.2850035455730973     
          24          33   1.4489553176792673     
          26          33  0.10544423613792611     
          32          33   1.2317454213052925     
          33          34   1.0305750676152998     
          34          35   1.4536625971733486     
          35          36   1.2838878476896838     
          34          37  0.10543044750542212     
          36          37   1.5566050568520047     
          37          38   1.2728102062674043     
          38          39   1.2795803502332803     
          39          40   1.5553878317158858     
          40          41   1.3223300878457627     
          39          42  0.11734488042326406     
          41          42   1.5518660843891925     
          34          43   1.2322986081071283     
          38          43   1.2550258004446955     
          42          43   1.2807492771563884     
           9          44   1.1886961029408640     
          35          44  0.97664719711279624     
          44          45  0.97113137319969678     
           1          46  0.97904409649140567     
           1          47  0.97953660899379902     
           1          48  0.96663715812298423     
           2          49  0.94992119778974593     
           3          50  0.96221153879211396     
           3          51  0.98142756243618989     
           3          52  0.97816823670579089     
           6          53  0.97732636337391154     
           6          54  0.97908824367438985     
           6          55  0.97699646671024343     
           7          56  0.97666885612037135     
           7          57  0.94656701164685964     
           7          58  0.97553932248465069     
           8          59  0.97912214935740849     
           8          60  0.98040073905471192     
           8          61  0.97766788815850070     
          13          62  0.96625779037229731     
          14          63  0.96503593908710494     
          16          64  0.96719204677421200     
          17          65  0.96948414699255647     
          18          66  0.96950693575746394     
          19          67  0.96763087139769788     
          21          68  0.95998036437713041     
          23          69  0.97049402321409250     
          23          70  0.97649138525669288     
          23          71  0.96098342220046562     
          25          72  0.96344900146861079     
          26          73  0.96625039280185765     
          28          74  0.96712633894256839     
          29          75  0.96943129921440097     
          30          76  0.96969478941057408     
          31          77  0.96532907524355338     
          36          78  0.96261271324398312     
          37          79  0.96621522291299544     
          39          80  0.96701001632623707     
          40          81  0.96952006136683400     
          41          82  0.96999996413900758     
          42          83  0.96491132183469386     
          45          84  0.97728906805048421     
          45          85  0.96310823844033000     
          45          86  0.97230882037237421     
