   -0.11814133
    0.05117265
   -0.12631368
   -0.15572985
    0.05528566
   -0.12308903
   -0.12293845
    0.51132218
   -0.01197241
   -0.05440129
    0.04482013
   -0.02402530
   -0.01172017
   -0.01585091
   -0.01856987
   -0.03139069
    0.49041935
   -0.20083763
   -0.18990505
   -0.20247580
   -0.27141186
    0.11808191
   -0.05323063
   -0.03614874
    0.01605268
    0.01183042
   -0.01237341
   -0.01332709
    0.12332881
   -0.05175948
   -0.03946189
    0.01560482
    0.01343489
   -0.06429706
   -0.05891279
   -0.05959160
   -0.06518792
   -0.25015261
   -0.06035662
   -0.05731603
   -0.05940853
   -0.06509940
    0.04986683
    0.05877869
    0.06319982
    0.05841681
    0.06168541
    0.06313673
    0.05252679
    0.04588675
    0.06345318
    0.05449776
    0.06437102
    0.05867515
    0.06257309
    0.06585317
    0.07932653
    0.07872677
    0.07816219
    0.07911337
    0.06329676
    0.06350399
    0.06059408
    0.06170077
    0.05123257
    0.05469595
    0.04246588
    0.04368910
    0.04603336
    0.04160719
    0.06091862
    0.05407675
    0.04573882
    0.05938531
    0.04816089
    0.03704402
    0.04201353
    0.04812505
    0.05166051
    0.05985039
