           1           2   1.0012451154130448     
           2           3   1.0037847558973356     
           2           4  0.93738850479228575     
           4           5  0.93409052961665640     
           5           6   1.0015206750873535     
           5           7   1.0076581696546709     
           4           8   1.2592851282178716     
           4           9  0.11011801915785453     
           8           9  0.91654039161386658     
           9          10   1.2460725244759552     
          10          11  0.98313907212229446     
          11          12   1.4018841966006648     
          12          13   1.4423642627653697     
          11          14  0.10108849255732473     
          13          14   1.4312412898664741     
          12          15  0.10483943628285136     
          14          15   1.4398679005340074     
          11          16   1.3783756350296135     
          13          16  0.10390446329265886     
          15          16   1.4076286021125104     
          16          17  0.95431813672068844     
          17          18  0.93125367007911564     
          17          19  0.96804170917164623     
          17          20  0.93060983115076390     
           8          21   1.2788507907053670     
          21          22  0.88500516566405485     
          22          23   1.3992826224829442     
          23          24   1.4214320830314611     
          24          25   1.4189259906946565     
          25          26   1.3617628004760201     
          22          27   1.3554331073212786     
          26          27   1.3727570948371661     
          27          28   1.0228193206575200     
          28          29   1.3707516051849873     
          29          30   1.3997509292373531     
          30          31   1.4390682752504798     
          31          32   1.4041565652031398     
          28          33   1.3571143637029723     
          32          33   1.3857413057873640     
          33          34   1.0165705246194501     
          34          35   1.0054206367184377     
          35          36   1.0097666245078489     
          32          37   1.0156812056555200     
          36          37   1.0069454466464096     
           8          38   1.3211309839814125     
          29          38  0.86666469962696935     
          26          39   1.0234317925466849     
          39          40  0.98602805371761759     
          40          41   1.0057613313531892     
          25          42   1.0253450726633153     
          41          42  0.98703328785953670     
           1          43  0.98373742824504795     
           1          44  0.98005051318073000     
           1          45  0.97943424488287856     
           2          46  0.94602681647094033     
           3          47  0.98075355617919036     
           3          48  0.97979446864164066     
           3          49  0.97894026752814733     
           5          50  0.93517935006792441     
           6          51  0.97925336403716812     
           6          52  0.98014484874794516     
           6          53  0.97992073117704803     
           7          54  0.98010223234768601     
           7          55  0.97813417928487623     
           7          56  0.97870408710031587     
          12          57  0.96322969160859606     
          13          58  0.96452623228803103     
          14          59  0.96553963252485586     
          15          60  0.96284659634053626     
          23          61  0.95531439006691909     
          24          62  0.96543964065291155     
          30          63  0.96123476151833198     
          31          64  0.96593994809868744     
          34          65  0.96162165387445464     
          34          66  0.94992814312553731     
          35          67  0.97681545236141187     
          35          68  0.97638441760261885     
          36          69  0.97616720414447045     
          36          70  0.97703828847551077     
          37          71  0.95137385429571542     
          37          72  0.96560644983185018     
          39          73  0.97276721699576496     
          39          74  0.95360404333318405     
          40          75  0.97684092181376736     
          40          76  0.98164292842995460     
          41          77  0.98119692807684156     
          41          78  0.97965550418005520     
          42          79  0.97511787362439128     
          42          80  0.95352030841443502     
