   -0.11814264
    0.03011595
   -0.03633657
   -0.03451872
    0.03013618
   -0.05553999
   -0.06462832
    0.27647361
   -0.13233786
   -0.04695893
    0.08481614
   -0.12515699
   -0.12432811
   -0.12456002
   -0.11601453
   -0.04008613
    0.05610665
   -0.04916423
   -0.03266008
    0.01164891
   -0.03101893
   -0.02342177
   -0.02349456
   -0.03357874
    0.01181235
   -0.01290350
   -0.00693743
    0.05223197
   -0.04611306
   -0.03426327
    0.01287405
   -0.03066156
   -0.02112283
   -0.02180278
   -0.03171112
    0.01097950
   -0.12625377
   -0.03269540
   -0.03217849
   -0.03590558
    0.06965016
    0.05483328
    0.05933260
    0.04797308
    0.04485636
    0.06032654
    0.06943510
    0.06918260
    0.05015766
    0.05072627
    0.06651272
    0.05796079
    0.05128762
    0.06659674
    0.05443459
    0.06073077
    0.07194500
    0.07382889
    0.07123323
    0.06497462
    0.04947833
    0.05272308
    0.04760262
    0.04939187
    0.04593870
    0.03545098
    0.03760002
    0.05285712
    0.04897656
    0.05274843
    0.05004053
    0.04078165
    0.06021711
    0.06152392
    0.05891482
    0.05146636
    0.05560985
