           1           2   1.0347937319653311     
           2           3   1.4041513384917825     
           3           4   1.4455487237151918     
           4           5   1.4028581224396923     
           5           6  0.97853290530900772     
           6           7   1.1487278164357113     
           7           8  0.97787656906448850     
           8           9   1.2486561877121349     
           9          10  0.97120424606394895     
           9          11  0.92361928969833140     
          11          12  0.99525070204611021     
          11          13  0.99428689587067665     
          11          14  0.99795750596002963     
           8          15   1.2087907154996287     
          15          16  0.96971851329785430     
          15          17  0.99577041265433452     
          17          18   1.2826023078648974     
          18          19   1.5559346023424154     
          19          20   1.2718651810669368     
          20          21   1.2805895701318533     
          21          22   1.5543479089568812     
          22          23   1.3229789561780481     
          21          24  0.11744989551762461     
          23          24   1.5528105779462871     
          20          25   1.2534717934138371     
          24          25   1.2836693829867227     
          17          26   1.4470676892272141     
          19          26  0.10569329923211841     
          25          26   1.2353084501944722     
          26          27   1.0288363415326318     
          27          28   1.4524020044093926     
          28          29   1.2877059212916655     
          27          30  0.10504006561247836     
          29          30   1.5568315702619273     
          30          31   1.2726891155765305     
          31          32   1.2825849846963731     
          32          33   1.5528226986146889     
          33          34   1.3239666033192925     
          32          35  0.11696381251632466     
          34          35   1.5511075726670729     
          27          36   1.2340985239366606     
          31          36   1.2523125438300737     
          35          36   1.2859255033071992     
           8          37   1.2169157380200737     
          28          37  0.94946051106055840     
          37          38  0.97614212791843358     
           3          39  0.10368593461843381     
           5          39   1.3964160330465363     
           2          40   1.3931884224627193     
           4          40  0.10418145527409930     
          39          40   1.4575565893921298     
           1          41  0.95779580996325187     
           1          42  0.98160679666151529     
           1          43  0.97519485886068424     
           3          44  0.96658255929277126     
           4          45  0.96353084573807191     
          10          46  0.97614689143133737     
          10          47  0.97299540066462620     
          10          48  0.96382675095681680     
          12          49  0.98183386574262577     
          12          50  0.97296490187022888     
          12          51  0.97971087668491408     
          13          52  0.98206649402956125     
          13          53  0.98257742392758929     
          13          54  0.97865018528447878     
          14          55  0.97412472639460190     
          14          56  0.94341734598760119     
          14          57  0.97626157492985777     
          16          58  0.97713076266504983     
          16          59  0.96243839093856987     
          16          60  0.97028409071378841     
          18          61  0.96243078751784950     
          19          62  0.96630822329338373     
          21          63  0.96705146954605414     
          22          64  0.96949001414690816     
          23          65  0.96981996922109293     
          24          66  0.96550496485518966     
          29          67  0.96145950599440155     
          30          68  0.96628180555432097     
          32          69  0.96690798971563563     
          33          70  0.96915506367506754     
          34          71  0.96943635377738602     
          35          72  0.96537077719946285     
          38          73  0.96792755933003027     
          38          74  0.97613103904876719     
          38          75  0.97571396959964618     
          39          76  0.96707959662650134     
          40          77  0.96621601323543471     
