   -0.11741301
    0.04639985
   -0.12330881
   -0.13644451
   -0.04321654
    0.28513180
   -0.04923386
   -0.05206960
    0.03677250
   -0.03015585
   -0.02305353
   -0.02175787
   -0.02357781
   -0.03224492
   -0.11129451
   -0.04492535
    0.05387704
   -0.04813204
   -0.03253124
    0.01228504
   -0.03084296
   -0.02261961
   -0.02307737
   -0.03296055
    0.01194592
   -0.00980565
   -0.00782161
    0.05070321
   -0.04901926
   -0.03409853
    0.01287835
   -0.03027163
   -0.02085053
   -0.02145857
   -0.03174890
    0.01101320
   -0.13129346
   -0.03164943
    0.03964995
    0.05541766
    0.06623981
    0.05892577
    0.06815581
    0.06138007
    0.05526515
    0.06428773
    0.06033919
    0.07367503
    0.05432466
    0.05899869
    0.05838009
    0.05177986
    0.04730141
    0.07836734
    0.07517516
    0.06328721
    0.04966121
    0.05430385
    0.04872841
    0.05083907
    0.04736291
    0.03698529
    0.03811453
    0.05381940
    0.04962456
    0.05334847
    0.05054173
    0.04104868
    0.05958283
    0.06280241
    0.05815663
