           1           2   1.0037780295995871     
           2           3   1.0047332119517522     
           2           4  0.94436478542167857     
           4           5  0.97116463728285463     
           4           6   1.2330279732297114     
           6           7   1.0308110488077857     
           7           8   1.1276252863906777     
           8           9  0.97751135385659793     
           9          10   1.4054970717767057     
          10          11   1.4437883603628658     
           9          12  0.10259925399133343     
          11          12   1.4325398405277849     
          10          13  0.10970815288493940     
          12          13   1.4388373350112791     
           9          14   1.4065031744186440     
          11          14  0.10870056852079071     
          13          14   1.4376755548678635     
           6          15   1.2373861725768351     
          15          16  0.96818157686987438     
          15          17  0.98334941539484833     
          17          18   1.2847947541092466     
          18          19   1.5569998954762814     
          19          20   1.2708091619201036     
          20          21   1.2811379762969219     
          21          22   1.5536219957644173     
          22          23   1.3236307941546381     
          21          24  0.11726955460887130     
          23          24   1.5518125738117288     
          20          25   1.2533396482245098     
          24          25   1.2846973559868453     
          17          26   1.4521261629155784     
          19          26  0.10511273086145401     
          25          26   1.2333264035222899     
          26          27   1.0316403714165425     
          27          28   1.4549787003339116     
          28          29   1.2872301328616707     
          27          30  0.10447341758558389     
          29          30   1.5568967498623445     
          30          31   1.2728282660319268     
          31          32   1.2822140130391766     
          32          33   1.5529814351130995     
          33          34   1.3239345556046938     
          32          35  0.11697100345511753     
          34          35   1.5509951801246131     
          27          36   1.2330410925642672     
          31          36   1.2525928418352330     
          35          36   1.2859990360883016     
           6          37   1.2032446057304842     
          28          37  0.95082902684203319     
          37          38  0.97447497245691594     
           1          39  0.97833967580458936     
           1          40  0.98069603648575798     
           1          41  0.98041030171905907     
           2          42  0.93340102634082722     
           3          43  0.97934664900138579     
           3          44  0.98105495727010805     
           3          45  0.98340223466633025     
           5          46  0.96584176750474138     
           5          47  0.97436885011587848     
           5          48  0.97383753143620277     
          10          49  0.96672170474253538     
          11          50  0.96724560336394450     
          12          51  0.96873503411489004     
          13          52  0.96811303170600405     
          14          53  0.96367420623946665     
          16          54  0.97668024211688642     
          16          55  0.96636924750451481     
          16          56  0.97274512673904190     
          18          57  0.96288148209268143     
          19          58  0.96613636587319407     
          21          59  0.96695510156247633     
          22          60  0.96934584996707984     
          23          61  0.96968588343280315     
          24          62  0.96552904810408480     
          29          63  0.96210264402047208     
          30          64  0.96615960420079428     
          32          65  0.96683903688659689     
          33          66  0.96908054067182059     
          34          67  0.96938763110782689     
          35          68  0.96523909812475805     
          38          69  0.96721131984808395     
          38          70  0.97624740544382205     
          38          71  0.97478216144535867     
