   -0.11081107
   -0.00383938
   -0.04248592
   -0.04090654
    0.00893153
   -0.02042810
    0.11160187
   -0.28896862
    0.59290763
   -0.05880141
   -0.01612309
    0.03303765
   -0.03369041
   -0.04548938
    0.17799695
   -0.20100641
   -0.04274705
   -0.02975111
   -0.17497218
    0.04291136
   -0.12698559
   -0.12187699
    0.08346500
   -0.13914791
   -0.12778437
   -0.12396393
   -0.25515184
    0.10823206
   -0.00124661
   -0.11407806
   -0.03875134
   -0.03830727
    0.00956368
   -0.01888597
    0.02487432
   -0.05923536
   -0.06575109
   -0.06052875
   -0.06412827
    0.06790257
    0.04339857
    0.06105897
    0.06237223
    0.06158904
    0.06257393
    0.07872451
    0.07890087
    0.06068162
    0.07201660
    0.06341662
    0.05160729
    0.06268740
    0.04609107
    0.06743856
    0.05395928
    0.07461646
    0.06097779
    0.06028865
    0.05816423
    0.07090584
    0.04654731
    0.05111906
    0.05737642
    0.06623621
    0.07152665
    0.04638497
    0.06512993
    0.06558812
    0.06255833
    0.03829792
    0.05230884
    0.06183137
    0.05987155
    0.03727978
    0.05227682
    0.06229279
    0.05632373
