           1           2   1.0261500323444455     
           2           3   1.4165238821874571     
           3           4   1.4299269683532339     
           2           5  0.10171163694125752     
           4           5   1.4307109012551396     
           3           6  0.10380934868562428     
           5           6   1.3518452172035529     
           2           7   1.3579091962027268     
           6           7   1.3975229050641540     
           7           8  0.87684732710554403     
           8           9   1.2468479710604865     
           9          10  0.94378555207185610     
          10          11   1.1841505790807492     
          11          12  0.99036518750165303     
          12          13   1.4037202646882154     
          13          14   1.4455505503462653     
          14          15   1.3856852097565038     
          15          16  0.98079631116607224     
          13          17  0.10702643883416227     
          15          17   1.3861307102427605     
          12          18   1.3953845067563144     
          14          18  0.10626443813282570     
          17          18   1.4489212780098391     
           9          19   1.2567972281642124     
          19          20  0.92636206976816216     
          20          21   1.0052232490582633     
          20          22   1.0089095559501322     
          19          23  0.92357124013112391     
          23          24  0.99940633486431807     
          23          25  0.99678650682577952     
          23          26  0.99168406369316986     
           9          27   1.2955144378029591     
          27          28  0.87782876073877414     
          28          29   1.3609143090591560     
          29          30   1.0294262276616664     
          29          31   1.4080389167088991     
          31          32   1.4373797811976781     
          29          33  0.10218623906051605     
          32          33   1.4261555882750028     
          28          34   1.3973572790297679     
          31          34  0.10437164524674526     
          33          34   1.3562446790417937     
           6          35  0.98732634914482775     
          34          35  0.99248605192005557     
          35          36  0.95826044816173639     
           5          37   1.0154240062135096     
          36          37   1.0024628679691654     
          35          38  0.95409219784119237     
          33          39   1.0156296609540518     
          38          39   1.0023416936117282     
           1          40  0.97241558763832558     
           1          41  0.97706993514157070     
           1          42  0.95940930796539126     
           3          43  0.96579054994932290     
           4          44  0.96603928353600588     
          13          45  0.96364600224738384     
          14          46  0.96301326196697778     
          17          47  0.96303350870190718     
          18          48  0.96381768773841336     
          20          49  0.94907914535412474     
          21          50  0.98043352652852089     
          21          51  0.98024742265863452     
          21          52  0.97925276457371013     
          22          53  0.98249584955172575     
          22          54  0.97849913426953949     
          22          55  0.97451246958605653     
          24          56  0.97482955734775645     
          24          57  0.96821036860513454     
          24          58  0.95870756093421927     
          25          59  0.97982804108058064     
          25          60  0.97832063477015796     
          25          61  0.98126809422346728     
          26          62  0.97846178499501679     
          26          63  0.97698828262105597     
          26          64  0.97859005082709927     
          30          65  0.96217264388465296     
          30          66  0.97637137084495773     
          30          67  0.97223951843481959     
          31          68  0.96632004039350494     
          32          69  0.96611311287754986     
          36          70  0.97782331047351734     
          36          71  0.97733433084368515     
          37          72  0.95661623387254502     
          37          73  0.96450189199059699     
          38          74  0.97618016026684695     
          38          75  0.97696297685892897     
          39          76  0.95609086055207815     
          39          77  0.96628149352442605     
