   -0.04331887
   -0.11594065
    0.05394562
   -0.05144042
   -0.03430896
    0.01033371
   -0.03189423
   -0.02349811
   -0.02347058
   -0.03391865
    0.01089810
   -0.01314839
   -0.00739099
    0.05138363
   -0.04651688
   -0.03380727
    0.01320356
   -0.03037425
   -0.02070290
   -0.02143026
   -0.03188492
    0.01114948
   -0.12848408
   -0.03571795
    0.28173210
   -0.03720574
   -0.03071070
    0.03705492
   -0.02930747
   -0.01626423
   -0.01700616
   -0.01991492
   -0.02746196
    0.49164879
   -0.19310546
   -0.19165731
   -0.21755110
   -0.12983859
   -0.04875498
    0.08438730
   -0.12709197
   -0.12506345
   -0.12580612
    0.07339704
    0.06523316
    0.07668941
    0.05047752
    0.05393615
    0.04849908
    0.05086387
    0.04760567
    0.03678000
    0.03908045
    0.05445120
    0.05018075
    0.05397606
    0.05104229
    0.04110907
    0.05644939
    0.06211235
    0.06468738
    0.06634978
    0.06849039
    0.07601191
    0.08302753
    0.06983281
    0.06239184
    0.07140322
    0.05526856
    0.07519443
    0.06404132
    0.05182428
    0.06829717
    0.05858165
    0.05085603
    0.05107127
    0.06903822
