           1           2  0.96924393705081302     
           2           3  0.99615365781138454     
           3           4   1.2818467995704901     
           4           5   1.5548937642774281     
           5           6   1.2717053652159249     
           6           7   1.2806985215906226     
           7           8   1.5542732924789893     
           8           9   1.3229060356922333     
           7          10  0.11735849898047712     
           9          10   1.5527389471633593     
           6          11   1.2533113777033205     
          10          11   1.2837523694512936     
           3          12   1.4468699583679818     
           5          12  0.10558618652985677     
          11          12   1.2355464252114821     
          12          13   1.0289547718449017     
          13          14   1.4519252248136465     
          14          15   1.2875429688032896     
          13          16  0.10482090184647386     
          15          16   1.5566380134445394     
          16          17   1.2728826750830458     
          17          18   1.2826346932693298     
          18          19   1.5526953139157074     
          19          20   1.3239180385606530     
          18          21  0.11685996191959518     
          20          21   1.5510149882108939     
          13          22   1.2341340027659247     
          17          22   1.2519013363284133     
          21          22   1.2859214042995466     
          14          23  0.94758033579199463     
          23          24  0.97624588666937195     
           2          25   1.2078956837590731     
          23          25   1.2134393846821534     
          25          26  0.96809813307029491     
          26          27   1.1640462507331186     
          27          28  0.98890464163393677     
          28          29   1.4061099474913381     
          29          30   1.4390488836236817     
          28          31  0.10252599922975675     
          30          31   1.4354769882806466     
          29          32  0.10523008646936013     
          31          32   1.4355397395323344     
          28          33   1.3800694694692723     
          30          33  0.10500865166723962     
          32          33   1.4153333621881246     
          33          34  0.94838997462870445     
          34          35  0.95824610534877230     
          34          36  0.96412266422745219     
          34          37  0.92448094272386117     
          25          38   1.2569291578320256     
          38          39  0.96995521808411644     
          38          40  0.92016876142298298     
          40          41  0.99819911624475799     
          40          42  0.99413634999988787     
          40          43  0.99566731657912222     
           1          44  0.96200800365883743     
           1          45  0.97028230023136874     
           1          46  0.97672539133008240     
           4          47  0.96239606144186141     
           5          48  0.96616873321109220     
           7          49  0.96695556955603224     
           8          50  0.96934175387477328     
           9          51  0.96966202107988186     
          10          52  0.96541966702622284     
          15          53  0.96101065273709230     
          16          54  0.96611059376319686     
          18          55  0.96678325486369887     
          19          56  0.96902244987573771     
          20          57  0.96933307846554995     
          21          58  0.96533501290024193     
          24          59  0.97714686706936305     
          24          60  0.96829758503650210     
          24          61  0.97498058114052832     
          29          62  0.95931553304124650     
          30          63  0.96606760977479089     
          31          64  0.96590172151794085     
          32          65  0.96205126282115294     
          39          66  0.96372071180861718     
          39          67  0.97595497773129536     
          39          68  0.97276176641660128     
          41          69  0.97344342697010822     
          41          70  0.97516926659833181     
          41          71  0.94261021810708667     
          42          72  0.98251415602368586     
          42          73  0.97824420074926099     
          42          74  0.98192800132102409     
          43          75  0.98168201452634840     
          43          76  0.97200206694067171     
          43          77  0.97910759468709307     
