   -0.10585790
   -0.01232069
   -0.10581625
    0.01039298
   -0.03570978
   -0.02751538
   -0.04044599
    0.00740078
   -0.01243872
   -0.10580486
   -0.10118199
    0.01454356
   -0.06524907
   -0.07178596
    0.29630409
   -0.15150174
    0.05142147
   -0.12337053
   -0.11812875
    0.08828135
   -0.12655782
   -0.12545417
   -0.12510493
   -0.13480023
   -0.02443073
    0.05380804
   -0.05391311
   -0.03548262
    0.01067340
   -0.03137560
   -0.02278826
   -0.02290615
   -0.03211060
    0.01086767
   -0.01124644
   -0.00863065
    0.05481075
   -0.04750759
   -0.03145644
    0.01470854
   -0.03034154
   -0.02441195
   -0.02469828
   -0.03251753
    0.01417039
   -0.13319684
   -0.04031212
    0.04630460
    0.04866910
    0.03994618
    0.04051016
    0.02724505
    0.04780212
    0.04747302
    0.05344865
    0.05119415
    0.05437443
    0.03532957
    0.04149769
    0.04804233
    0.03017977
    0.04563330
    0.03518357
    0.04641856
    0.05605695
    0.06527633
    0.05515260
    0.05053428
    0.05442584
    0.04423164
    0.06572159
    0.05412165
    0.05277526
    0.06692194
    0.05380760
    0.04557706
    0.06595732
    0.05952078
    0.05651039
    0.06321964
    0.07096680
    0.05977429
    0.04435888
    0.04155728
    0.05000947
    0.04624871
    0.04959409
    0.04704177
    0.03818979
    0.04366084
    0.05239499
    0.04705601
    0.04810792
    0.04407566
    0.03633028
    0.07190303
    0.07524435
    0.05341092
