           1           2  0.99155957854756649     
           2           3  0.99587545164589442     
           2           4   1.0016811132050920     
           4           5   1.4014176275582364     
           5           6   1.4453583018931757     
           4           7  0.10320642962429435     
           6           7   1.4305133622003217     
           5           8  0.10316882524115487     
           7           8   1.4160758283933423     
           8           9   1.0031588933511730     
           9          10   1.0070244493565783     
           9          11  0.98616099936081314     
           4          12   1.3822067049155204     
           8          12   1.3614603594712671     
          12          13  0.97707727491939367     
          13          14   1.1341942397276765     
          14          15   1.0061179665986029     
          15          16   1.2441809890369584     
          16          17  0.93104666291194760     
          17          18  0.99891308978934157     
          17          19   1.0016202655365434     
          16          20  0.92054612351288301     
          20          21  0.99691607717687569     
          20          22  0.99539436399956016     
          20          23  0.99540823844320458     
          15          24   1.1773479842913346     
          24          25  0.97312029134473899     
          24          26  0.97614518777311787     
          26          27   1.2813190494938385     
          27          28   1.5553302921499981     
          28          29   1.2739722819117847     
          29          30   1.2799918520911715     
          30          31   1.5551775635083285     
          31          32   1.3221088824969613     
          30          33  0.11741507436896767     
          32          33   1.5533818304265614     
          29          34   1.2538505053597524     
          33          34   1.2830331334231400     
          26          35   1.4441577627956941     
          28          35  0.10562977731025860     
          34          35   1.2347173737984170     
          35          36   1.0329139050626446     
          36          37   1.4552679280928078     
          37          38   1.2852131341188331     
          36          39  0.10534769158190388     
          38          39   1.5565217673311393     
          39          40   1.2735560502155636     
          40          41   1.2791899215716562     
          41          42   1.5534519268744607     
          42          43   1.3228577468733638     
          41          44  0.11770852635211668     
          43          44   1.5505397575091997     
          36          45   1.2299413540849655     
          40          45   1.2548395185269978     
          44          45   1.2832792053006137     
          15          46   1.1951638466310459     
          37          46  0.97492501518120944     
          46          47  0.97004890950973399     
           1          48  0.98322670552492952     
           1          49  0.98342833550200592     
           1          50  0.98685385012028970     
           2          51  0.95251494873052067     
           3          52  0.98472330131954244     
           3          53  0.98461911983929495     
           3          54  0.98311208734294286     
           5          55  0.96215000447930865     
           6          56  0.96858205050019808     
           7          57  0.96251284772613588     
           9          58  0.95130350380511264     
          10          59  0.98156004854390677     
          10          60  0.98273347968475133     
          10          61  0.98372812758176975     
          11          62  0.98042764185412989     
          11          63  0.97931967806347198     
          11          64  0.98596906957148622     
          17          65  0.92277835546909215     
          18          66  0.97877501786284604     
          18          67  0.97457381034434487     
          18          68  0.98241131040554541     
          19          69  0.98088516544362847     
          19          70  0.98115922148279011     
          19          71  0.97905604633305421     
          21          72  0.95667562772690595     
          21          73  0.98088531333459117     
          21          74  0.97895843620772072     
          22          75  0.95848404487281780     
          22          76  0.97992450540513032     
          22          77  0.97900076791700974     
          23          78  0.97938976104051312     
          23          79  0.97381014997037785     
          23          80  0.97778093050362269     
          25          81  0.97447483692792258     
          25          82  0.96445879323636741     
          25          83  0.97255549133043862     
          27          84  0.96344534983825758     
          28          85  0.96645523355452190     
          30          86  0.96720301066898196     
          31          87  0.96948159216483820     
          32          88  0.96969763583396384     
          33          89  0.96563488432059441     
          38          90  0.96261697326646845     
          39          91  0.96635876108439334     
          41          92  0.96706989726148818     
          42          93  0.96957748559578494     
          43          94  0.96999573585699195     
          44          95  0.96362544369942771     
          47          96  0.97773654469141769     
          47          97  0.96229569082872812     
          47          98  0.97092698667865796     
