   -0.12357800
    0.04458630
   -0.12565949
   -0.16202481
    0.04756860
   -0.12117192
   -0.12356675
    0.51318367
    0.01116088
   -0.02288434
    0.03721924
   -0.02732494
   -0.01562489
   -0.01872388
   -0.02034059
   -0.03058005
    0.48706450
   -0.20510575
   -0.18206532
   -0.18563347
   -0.25462276
    0.12062264
   -0.04875331
   -0.03065167
    0.01108167
   -0.03137695
   -0.02307491
   -0.02357404
   -0.03283446
    0.00965751
   -0.01007046
   -0.00871776
    0.12535667
   -0.05020790
   -0.02978781
    0.01539857
   -0.02810641
   -0.01916224
   -0.01954521
   -0.03037940
    0.01399157
   -0.27004926
    0.05542088
    0.05507456
    0.07638935
    0.06834012
    0.06740689
    0.05979073
    0.05740001
    0.05169211
    0.06741179
    0.06033028
    0.05449010
    0.06986309
    0.05909666
    0.04608181
    0.06981069
    0.07072697
    0.07297977
    0.08039826
    0.07053897
    0.07021272
    0.05526290
    0.05739452
    0.05433375
    0.04536941
    0.06201465
    0.06695861
    0.05551069
    0.05844410
    0.05523692
    0.04432564
