           1           2   1.0075415007973751     
           2           3   1.0056707543446910     
           2           4  0.93853583232439186     
           4           5  0.93854216820274972     
           5           6   1.0032816016684754     
           5           7   1.0063387467067821     
           4           8   1.2334889933226618     
           4           9  0.10095223117965964     
           8           9  0.89897875124859095     
           9          10   1.2468841401638520     
          10          11  0.99080430679254006     
          11          12   1.4029628271239560     
          12          13   1.4411101206224082     
          11          14  0.10120096427295873     
          13          14   1.4315959910468594     
          12          15  0.10517552467774165     
          14          15   1.4383378927563266     
          11          16   1.3784220742142292     
          13          16  0.10429377434542514     
          15          16   1.4114409948198146     
          16          17  0.95155487881028711     
          17          18  0.92365948586715929     
          17          19  0.94881679270484520     
          17          20  0.96958690360278199     
           8          21   1.2915957262165907     
          21          22  0.88951945169138935     
          22          23   1.3043277081153264     
          23          24   1.5392453615385906     
          24          25   1.2820026397313233     
          25          26   1.2770419087028300     
          26          27   1.5557375848791137     
          27          28   1.3211967155512574     
          26          29  0.11742971098066281     
          28          29   1.5523070617287442     
          25          30   1.2508485225714179     
          29          30   1.2831173557327218     
          22          31   1.4554272887554986     
          24          31  0.11008540185049799     
          30          31   1.2356930583478631     
          31          32   1.0326437402834321     
          32          33   1.4615535878751926     
          33          34   1.3031609645737778     
          32          35  0.10875174982539040     
          34          35   1.5410911874829738     
          35          36   1.2805719110890512     
          36          37   1.2792554197222950     
          37          38   1.5554124380841208     
          38          39   1.3221035782013382     
          37          40  0.11700748568879801     
          39          40   1.5511750928044004     
          32          41   1.2314485589429875     
          36          41   1.2496960363037353     
          40          41   1.2860143740365886     
           8          42   1.2963268447205207     
          33          42  0.87260575528376183     
           1          43  0.97099798007366811     
           1          44  0.95997583661077324     
           1          45  0.97676731093405067     
           2          46  0.95503978318163596     
           3          47  0.97944208588259563     
           3          48  0.97856890269941532     
           3          49  0.98345684683817436     
           5          50  0.94786865918087315     
           6          51  0.97922228016624480     
           6          52  0.98022564738986517     
           6          53  0.98305645511376605     
           7          54  0.97905485691303895     
           7          55  0.98041786560886957     
           7          56  0.97462584518639206     
          12          57  0.96487633557406016     
          13          58  0.96545173137821172     
          14          59  0.96568008131175598     
          15          60  0.96248688434123864     
          23          61  0.96074368474610217     
          24          62  0.96427554228139378     
          26          63  0.96618164329077816     
          27          64  0.96850208445671881     
          28          65  0.96893465203283480     
          29          66  0.96471777164605754     
          34          67  0.96234262367171242     
          35          68  0.96461109985533366     
          37          69  0.96619374632778343     
          38          70  0.96846662137355000     
          39          71  0.96887029601990104     
          40          72  0.96477476309562982     
