   -0.11094158
    0.04627700
   -0.00973626
   -0.03657389
   -0.03377013
    0.01469238
   -0.03160601
   -0.02354942
   -0.02394615
   -0.03499395
    0.01295312
   -0.04434312
   -0.15133330
    0.04312159
   -0.11306418
   -0.00842004
   -0.04264021
   -0.03208202
    0.01618643
   -0.03132830
   -0.02283526
   -0.02333432
   -0.03314280
    0.01486125
   -0.04248809
    0.29671033
   -0.05084604
   -0.06806858
    0.03921626
   -0.03138882
   -0.02370881
   -0.02266757
   -0.02383389
   -0.03072644
   -0.11658127
   -0.03804442
    0.05726594
   -0.04876822
   -0.03309841
    0.01145480
   -0.03123846
   -0.02375750
   -0.02401720
   -0.03371404
    0.01146893
   -0.01193178
   -0.00943388
    0.05314712
   -0.04820496
   -0.03404255
    0.01202555
   -0.03068662
   -0.02192711
   -0.02225245
   -0.03158332
    0.01072754
   -0.13580257
   -0.02973059
    0.05762001
    0.05636647
    0.04514189
    0.04569002
    0.03252915
    0.04563184
    0.04395220
    0.04625096
    0.04387307
    0.03343322
    0.02654788
    0.06679554
    0.04535159
    0.06256125
    0.04793881
    0.03101508
    0.04285370
    0.04289299
    0.04658887
    0.04554995
    0.03837086
    0.04375143
    0.04826598
    0.05128901
    0.05675075
    0.05669553
    0.05184644
    0.07498564
    0.05719395
    0.07271461
    0.04967140
    0.05212334
    0.04686913
    0.04858822
    0.04510399
    0.03496970
    0.03585316
    0.05179629
    0.04763710
    0.05089439
    0.04810836
    0.03891751
    0.05763052
    0.06261219
    0.05485230
