           1           2  0.99939577084350606     
           2           3  0.98606659879473690     
           3           4   1.2957493185252469     
           4           5   1.5547331869575998     
           5           6   1.2810128797198068     
           6           7   1.2795288447978366     
           7           8   1.5580805764996302     
           8           9   1.3187832564814876     
           7          10  0.11817112200592918     
           9          10   1.5594436519255612     
           6          11   1.2480318747829944     
          10          11   1.2763973400390505     
           3          12   1.5182749077968736     
           5          12  0.11355293333857469     
          11          12   1.2861670114956467     
           2          13  0.91802043393334620     
          13          14  0.93740114291635923     
          14          15   1.0050806248694715     
          14          16  0.98659294407412224     
          16          17   1.2840471901301984     
          17          18   1.5682060743013857     
          18          19   1.2722023373755977     
          19          20   1.2841874760992602     
          20          21   1.5528609098817521     
          21          22   1.3227163586973705     
          20          23  0.11709753230189414     
          22          23   1.5549159318625922     
          19          24   1.2502198358859877     
          23          24   1.2802497233401549     
          16          25   1.5018111018307183     
          18          25  0.10670015102295634     
          24          25   1.2784613496018817     
          13          26   1.2386020727435272     
          26          27   1.0260504033931550     
          27          28   1.1263542397013029     
          28          29  0.97787491782391056     
          29          30   1.4063284494696056     
          30          31   1.4383278306352363     
          29          32  0.10278448867176525     
          31          32   1.4388153600072391     
          30          33  0.10870957663792938     
          32          33   1.4326923286430540     
          29          34   1.4045018918132968     
          31          34  0.10969140814480025     
          33          34   1.4439098043082670     
          26          35   1.2164245586010631     
          35          36  0.96843907767754223     
          35          37  0.99214682963924494     
          37          38   1.2801414662726696     
          38          39   1.5599949038864813     
          39          40   1.2699276160924440     
          40          41   1.2813063763538466     
          41          42   1.5533519795043811     
          42          43   1.3241673537601557     
          41          44  0.11737985973035943     
          43          44   1.5514371875787076     
          40          45   1.2543418615340149     
          44          45   1.2853899000021942     
          37          46   1.4530680887961631     
          39          46  0.10475878608370762     
          45          46   1.2308251985796375     
          46          47   1.0301715614767966     
          47          48   1.4464843336196456     
          48          49   1.2872923940367740     
          47          50  0.10561072625418473     
          49          50   1.5525196905647951     
          50          51   1.2744017413853941     
          51          52   1.2810760524218847     
          52          53   1.5542873130741459     
          53          54   1.3227465523744655     
          52          55  0.11716394564666788     
          54          55   1.5524464292619513     
          47          56   1.2354272887554325     
          51          56   1.2520670519153265     
          55          56   1.2845412859824039     
          26          57   1.1816200566597046     
          48          57  0.96225028324245099     
          57          58  0.97597279946378257     
           1          59  0.97878146384013021     
           1          60  0.97769974214643751     
           1          61  0.97476277563975755     
           2          62  0.94000924041222822     
           4          63  0.96174403304948752     
           5          64  0.96723524330817190     
           7          65  0.96758499599764269     
           8          66  0.96993665581644450     
           9          67  0.97009609800386465     
          10          68  0.96820589236943722     
          12          69  0.96415638133528114     
          14          70  0.94017272178096589     
          15          71  0.96688113231198691     
          15          72  0.97928931635935623     
          15          73  0.97833579642123614     
          17          74  0.95696024003105484     
          18          75  0.96722563264335948     
          20          76  0.96765987315259094     
          21          77  0.96991567931675893     
          22          78  0.96996215924816309     
          23          79  0.96777782812193192     
          25          80  0.96183179727074042     
          30          81  0.96427538849044836     
          31          82  0.96821082818973503     
          32          83  0.96896467840371314     
          33          84  0.96757738479808730     
          34          85  0.96708315452873428     
          36          86  0.97584607548391478     
          36          87  0.97063471427960368     
          36          88  0.95684990250160418     
          38          89  0.96240597870238487     
          39          90  0.96632330228598917     
          41          91  0.96709715334967106     
          42          92  0.96955916684045040     
          43          93  0.96991398006911811     
          44          94  0.96524564975812743     
          49          95  0.96123173319809263     
          50          96  0.96638697528935003     
          52          97  0.96707113427510072     
          53          98  0.96936432486459556     
          54          99  0.96962379124271914     
          55         100  0.96571141852275677     
          58         101  0.96561291231112389     
          58         102  0.97652560734064675     
          58         103  0.97394460043076947     
