    0.02843684
   -0.25026495
    0.15339416
   -0.06291246
   -0.03169848
   -0.00074208
   -0.00872580
   -0.03713660
   -0.04035253
    0.00825199
   -0.01929330
    0.11274592
   -0.25265633
    0.52094999
   -0.01612454
   -0.02644136
    0.03549290
   -0.02932217
   -0.04369953
    0.17701748
   -0.20489782
   -0.04321753
   -0.02983102
   -0.16720828
    0.04982830
   -0.12041860
   -0.12627626
    0.04560178
   -0.12952393
   -0.12302331
   -0.28067006
    0.11854116
   -0.00846615
   -0.00385164
   -0.03294582
   -0.06764010
    0.14878122
   -0.25566059
    0.03063054
   -0.05527709
   -0.03537472
   -0.03710021
   -0.04022790
    0.00977974
   -0.01960398
    0.02487231
   -0.05795916
   -0.06553549
   -0.05865061
   -0.06481111
   -0.02885898
   -0.05547716
    0.04957441
    0.07568070
    0.05086813
    0.05352689
    0.04928138
    0.06301191
    0.05885144
    0.06251922
    0.07944620
    0.07673930
    0.06125541
    0.06210851
    0.06602083
    0.05101097
    0.04815695
    0.06176205
    0.05618270
    0.05786717
    0.05679362
    0.06018848
    0.06939014
    0.06276116
    0.06903407
    0.05725374
    0.04786156
    0.03213173
    0.04488517
    0.04925427
    0.07408802
    0.04432639
    0.05863893
    0.03722526
    0.06023046
    0.05963442
    0.05202565
    0.03161593
    0.05786307
    0.06310658
    0.03799736
    0.05056335
    0.05840418
    0.06076909
    0.03270932
    0.05493722
