           1           2  0.97479824247624136     
           2           3   1.0980911825759425     
           3           4   1.3530952731240022     
           4           5   1.4620121693561989     
           5           6   1.3782721111815388     
           6           7   1.0431048477447740     
           7           8   1.3919628940995183     
           8           9   1.4355157304746327     
           9          10   1.4279519477332077     
          10          11   1.3458033686557782     
           7          12   1.3306359552209504     
          11          12   1.4072517363439250     
          12          13  0.89003554534721518     
          13          14   1.3003435451212784     
          14          15  0.89712856851579226     
          15          16   1.2705362961298250     
          16          17  0.98345885584806114     
          17          18   1.4022609019818604     
          18          19   1.4419284838066910     
          19          20   1.3897399148957263     
          20          21  0.97644405352975860     
          18          22  0.10636599420551475     
          20          22   1.3837213735265046     
          17          23   1.4028401372893142     
          19          23  0.10779256923203764     
          22          23   1.4487353533698812     
          14          24   1.2349319678939621     
          24          25  0.92770660383663994     
          25          26   1.0089087155293757     
          25          27   1.0053852842779245     
          24          28  0.94319393938217255     
          28          29   1.0085752918077227     
          28          30   1.0053185496839698     
          14          31   1.2432768340951323     
          31          32  0.88910225721200042     
          32          33   1.3365372284505448     
          33          34   1.0381137084564740     
          34          35   1.3905054685347236     
          35          36   1.4454526840331507     
          36          37   1.3618107481604338     
          37          38   1.0890537568653642     
          38          39  0.97768732194081098     
          35          40  0.10353817528943250     
          37          40   1.3324908641429625     
          34          41   1.3659201168575206     
          40          41   1.4859079921043108     
          33          42   1.3961171223111741     
          42          43   1.4325807570704789     
          43          44   1.4296920836738636     
          32          45   1.4043786791540791     
          42          45  0.10152113556071583     
          44          45   1.3485448788776127     
          11          46  0.98886676073460733     
          45          46  0.98903424017753661     
          46          47  0.95828324307500390     
          10          48   1.0164153967578109     
          47          48   1.0026800526395125     
          46          49  0.95543482757402853     
          44          50   1.0156543774375906     
          49          50   1.0022732988348877     
           6          51   1.3724792409249946     
           3          52   1.3312774190903323     
           5          52  0.10210673462375686     
          51          52   1.4784431650802372     
           1          53  0.97615360678602303     
           1          54  0.97829135786672683     
           1          55  0.97631629538796272     
           4          56  0.96405087506903053     
           5          57  0.96686779978490756     
           8          58  0.96514038069326269     
           9          59  0.96600692092079310     
          18          60  0.96407168470929283     
          19          61  0.96302348642642122     
          22          62  0.96280964972968219     
          23          63  0.95375712870812246     
          25          64  0.95438547597080503     
          26          65  0.97828842813304373     
          26          66  0.97463550893393580     
          26          67  0.97934308853157759     
          27          68  0.98013770359022634     
          27          69  0.97846164034290817     
          27          70  0.97912405007267134     
          28          71  0.95794704360278471     
          29          72  0.95451080969421542     
          29          73  0.97703514614031350     
          29          74  0.96660772383297566     
          30          75  0.97883825171107053     
          30          76  0.98109038076810617     
          30          77  0.97876420064319292     
          35          78  0.96706393925519185     
          36          79  0.96509415708260338     
          39          80  0.97631189569847987     
          39          81  0.97836798130238778     
          39          82  0.97642232317359390     
          40          83  0.96661360752918246     
          41          84  0.96790023441757533     
          42          85  0.96638580247960237     
          43          86  0.96583570251682549     
          47          87  0.97696358770440295     
          47          88  0.97671584025727698     
          48          89  0.96282177933928503     
          48          90  0.95400402975319687     
          49          91  0.97867462909877645     
          49          92  0.97684257701737698     
          50          93  0.96600476401711766     
          50          94  0.95605710280932843     
          51          95  0.91409098615393902     
          52          96  0.96640795018142245     
