   -0.11312344
    0.01388158
   -0.03457651
   -0.02709230
   -0.02953760
   -0.03897760
    0.02657990
   -0.04878580
   -0.07470791
    0.29624318
   -0.14603477
    0.04270377
   -0.12222963
   -0.12777559
    0.04829393
   -0.11925271
   -0.11738412
   -0.12583462
   -0.03620517
    0.05113364
   -0.04555378
   -0.02631597
   -0.03496640
    0.01362758
   -0.00964291
    0.01860031
   -0.05655936
   -0.06517056
   -0.05865704
   -0.06508501
    0.01422182
   -0.03762068
   -0.03021323
   -0.05453166
    0.05274005
   -0.00995635
   -0.12763369
   -0.02900984
    0.04998713
    0.05773870
    0.06096866
    0.05341557
    0.05426136
    0.05151531
    0.04395310
    0.06673738
    0.07011318
    0.05238088
    0.05400673
    0.06309448
    0.05412017
    0.05936448
    0.05069195
    0.06358269
    0.04630835
    0.05834580
    0.04229424
    0.05848886
    0.05955975
    0.06298573
    0.06218121
    0.06209635
    0.04132945
    0.05623238
    0.05502125
    0.04856237
    0.03289905
    0.05485802
    0.05883484
    0.04994153
    0.03527733
    0.05908056
    0.05530015
    0.05499278
    0.05272562
    0.04246746
    0.06282133
    0.05676321
    0.05910909
