           1           2   1.0305810016757762     
           2           3   1.4106899459529076     
           3           4   1.4418822692534794     
           2           5  0.10449451796108508     
           4           5   1.4318592480107886     
           3           6  0.10666963655856312     
           5           6   1.4376312000089186     
           2           7   1.3628852790429673     
           6           7   1.4087409953507697     
           7           8  0.98048379190987722     
           8           9   1.1707627022520046     
           9          10  0.97271274572761068     
          10          11   1.2410393998769516     
          11          12  0.93905032989919579     
          12          13   1.0086160659885435     
          12          14   1.0032110005148458     
          11          15  0.93739761491521045     
          15          16   1.0021367353146726     
          15          17   1.0050628100729220     
          10          18   1.2368006680826373     
          18          19  0.97346879448005441     
          18          20  0.95146970052473034     
          20          21   1.3756528313773735     
          21          22   1.4562981005077793     
          22          23   1.4156484131215981     
          21          24  0.10643646252871751     
          23          24   1.4416038853996793     
          20          25   1.4028305332988888     
          22          25  0.10302388197046848     
          24          25   1.3488031489368102     
          25          26  0.99145866940022642     
          26          27  0.95835853123741410     
          24          28   1.0146974251164105     
          27          28   1.0022321836231982     
          26          29  0.95606771414871772     
          29          30   1.0032127888359201     
          30          31   1.0158063741039169     
          31          32   1.4435398117365668     
          32          33   1.4138747880963565     
          31          34  0.10557376271087560     
          33          34   1.4591902258351748     
          34          35   1.3683724465154132     
          26          36  0.98983418969863646     
          31          36   1.3463580445881336     
          33          36  0.10185902292787612     
          35          36   1.4053232167841645     
          10          37   1.2316655443013191     
          35          37  0.95691744972572212     
          37          38  0.97259883326917740     
           1          39  0.96319806401121233     
           1          40  0.98089368305130265     
           1          41  0.96296997749406610     
           3          42  0.96531269268842812     
           4          43  0.96880661507183785     
           5          44  0.96781866329377897     
           6          45  0.96120084826331498     
          12          46  0.95288056316543357     
          13          47  0.97831119166417069     
          13          48  0.98172660192432559     
          13          49  0.95997408531971495     
          14          50  0.98022778370132113     
          14          51  0.98050821390826581     
          14          52  0.96888075474599922     
          15          53  0.93758919598855750     
          16          54  0.97922081492904922     
          16          55  0.97699249824682410     
          16          56  0.97829657859035035     
          17          57  0.97972134662404375     
          17          58  0.98131005399163895     
          17          59  0.98037623303761268     
          19          60  0.96292333388118356     
          19          61  0.97781369544566199     
          19          62  0.97553617778308988     
          21          63  0.96437789100712112     
          22          64  0.96865550228449571     
          23          65  0.96733178650546381     
          27          66  0.97755613186841028     
          27          67  0.97551670635362464     
          28          68  0.96552172830236416     
          28          69  0.95684299680894846     
          29          70  0.97698904836803568     
          29          71  0.97794811700899276     
          30          72  0.95591585595241402     
          30          73  0.96611724767707763     
          32          74  0.96708970731751553     
          33          75  0.96879597236695636     
          34          76  0.95954206302495726     
          38          77  0.97624080450337458     
          38          78  0.97227981985562151     
          38          79  0.96489431282009908     
