   -0.12991432
    0.03693975
   -0.12796856
   -0.14697470
    0.08580441
   -0.12089838
   -0.12442782
   -0.12962673
    0.32583149
   -0.06287519
   -0.02574290
    0.03785191
   -0.06260820
    0.18011058
   -0.18938088
   -0.06697950
    0.18039683
   -0.19139375
   -0.06240234
   -0.13328370
   -0.03248654
    0.05116756
   -0.05321734
   -0.03287883
    0.01275511
   -0.03018558
   -0.02161985
   -0.02180578
   -0.03204053
    0.01242199
   -0.01138683
   -0.01045244
    0.05071213
   -0.05016459
   -0.03150849
    0.01254064
   -0.03028695
   -0.02252904
   -0.02322551
   -0.03488591
    0.01075071
   -0.12222668
   -0.04259182
    0.06757572
    0.05239542
    0.05919381
    0.07430760
    0.07152276
    0.05415876
    0.05808471
    0.06509699
    0.04126750
    0.05367369
    0.05743143
    0.06827424
    0.04889991
    0.06680446
    0.05865130
    0.05710861
    0.08265080
    0.10401600
    0.08053396
    0.06516735
    0.05460165
    0.06257360
    0.03964744
    0.05415325
    0.04894250
    0.05188003
    0.04884041
    0.03874500
    0.04524583
    0.05537940
    0.04945177
    0.05193057
    0.05012709
    0.03748886
    0.07637853
    0.07156078
    0.05692482
