           1           2   1.0052120095305146     
           2           3   1.0082297550520960     
           2           4  0.93230668678579276     
           4           5  0.90491852718898824     
           5           6  0.99691085854440331     
           5           7  0.99255417610757413     
           5           8  0.99957498882539364     
           4           9   1.2667372727286061     
           9          10  0.93949622182900316     
          10          11   1.1819151485080099     
          11          12  0.99896624882031471     
          12          13   1.4033324752958745     
          13          14   1.3874166716102185     
          14          15  0.98916249505301579     
          14          16   1.3880265860076721     
          16          17   1.3905394837967795     
          17          18  0.98736993063592027     
          12          19   1.4001969969096011     
          17          19   1.3874792517948189     
           9          20   1.1893583601551851     
          20          21  0.97445484087901324     
          20          22  0.98122645834711397     
          22          23   1.2746876085833121     
          23          24   1.5570408510598752     
          24          25   1.2734944734468303     
          25          26   1.2805713856687251     
          26          27   1.5542401894578586     
          27          28   1.3232857601457064     
          26          29  0.11731624199480631     
          28          29   1.5517506189939378     
          25          30   1.2540685039852193     
          29          30   1.2854516170656274     
          22          31   1.4514659230164284     
          24          31  0.10526559598518764     
          30          31   1.2310868954031928     
          31          32   1.0306376882434409     
          32          33   1.4537828069436129     
          33          34   1.2840534542252215     
          32          35  0.10544834070940975     
          34          35   1.5545116332894984     
          35          36   1.2734103100366840     
          36          37   1.2796380928731572     
          37          38   1.5552389385757255     
          38          39   1.3223010677328111     
          37          40  0.11707661650707697     
          39          40   1.5506569881076648     
          32          41   1.2323209659542280     
          36          41   1.2536997968618500     
          40          41   1.2821096289003333     
           9          42   1.1995741435470280     
          33          42  0.97276116067333041     
          42          43  0.97058137706687397     
           1          44  0.97892925513036499     
           1          45  0.97891555695974408     
           1          46  0.96582477929662769     
           2          47  0.94936270039467485     
           3          48  0.97762742515062295     
           3          49  0.98120444224161218     
           3          50  0.96095779856548647     
           6          51  0.97856146449241388     
           6          52  0.97733035934335533     
           6          53  0.98025529488564311     
           7          54  0.97687461511547924     
           7          55  0.97685070183158662     
           7          56  0.97877842839551055     
           8          57  0.97604541845166670     
           8          58  0.97483426774213400     
           8          59  0.94553588667305100     
          13          60  0.96026866159525215     
          16          61  0.95823823920018225     
          19          62  0.95717347127108432     
          21          63  0.97752879174628193     
          21          64  0.96957150782085866     
          21          65  0.96092739995890264     
          23          66  0.96351424005523367     
          24          67  0.96595117094279237     
          26          68  0.96692529621642387     
          27          69  0.96923228433579678     
          28          70  0.96955538022533194     
          29          71  0.96524413385194019     
          34          72  0.96237685841896115     
          35          73  0.96602305830758528     
          37          74  0.96685272696465530     
          38          75  0.96919719725941156     
          39          76  0.96940274362702383     
          40          77  0.96492400994968830     
          43          78  0.97696092887433750     
          43          79  0.96273109744186847     
          43          80  0.97259655765393394     
