   -0.12619539
    0.04744503
   -0.12187053
   -0.17076831
    0.04476079
   -0.12785050
   -0.12482703
    0.57028896
   -0.05554339
   -0.02940279
    0.03675447
   -0.03090320
   -0.02200602
   -0.02459245
   -0.02262351
   -0.03361300
   -0.27627639
    0.11788017
   -0.05472976
   -0.04064649
    0.01513550
    0.01212577
   -0.01539076
   -0.01601442
    0.11806918
   -0.04994985
   -0.03812816
    0.01484158
    0.01152411
   -0.06405683
   -0.05849326
   -0.05835712
   -0.06503372
   -0.25446348
   -0.06334839
   -0.05856476
   -0.06016159
   -0.06542947
    0.04807877
    0.06113233
    0.07084352
    0.04988900
    0.06122354
    0.05508782
    0.06761204
    0.06753299
    0.07264025
    0.05669595
    0.05345678
    0.06774817
    0.05355971
    0.05799535
    0.04838329
    0.05491099
    0.05601131
    0.05123189
    0.04758949
    0.05940110
    0.06137236
    0.06284192
    0.06420257
    0.05294027
    0.05185232
    0.04265568
    0.04313500
    0.04679066
    0.03809405
    0.05397713
    0.06187175
    0.05493576
    0.05293457
    0.04511232
    0.04138164
    0.04200588
    0.04726815
    0.05449176
    0.06152689
