           1           2   1.0063729265986880     
           2           3   1.0033823406925197     
           2           4  0.93757487797055750     
           4           5  0.93549895936277472     
           5           6   1.0080969029419780     
           5           7   1.0061717476832941     
           4           8   1.2495265833040750     
           8           9  0.98066883598766952     
           9          10   1.1657654207297801     
          10          11  0.98296480148179755     
          11          12   1.4084529432927304     
          12          13   1.4387394203961752     
          11          14  0.10202497884740554     
          13          14   1.4367792471241965     
          12          15  0.10888103152777252     
          14          15   1.4341685230614818     
          11          16   1.3957054976840464     
          13          16  0.10921249404412878     
          15          16   1.4429742963463690     
           8          17   1.2915722033464985     
          17          18  0.86665510964734871     
          18          19   1.3992805197756859     
          19          20   1.4409248961544356     
          20          21   1.4023950403419074     
          21          22   1.3856046232815753     
          18          23   1.3736621540100011     
          20          23  0.10041382215474871     
          22          23   1.3582491433881265     
          23          24   1.0178750442300537     
          24          25   1.3754703976415905     
          25          26   1.3958114622752320     
          24          27  0.10016739213512849     
          26          27   1.4452586195622106     
          27          28   1.3986560521052052     
          24          29   1.3552614198419883     
          28          29   1.3884276334524239     
          29          30   1.0152754281349379     
          30          31   1.0060710591034390     
          31          32   1.0096561431243070     
          28          33   1.0159437263078164     
          32          33   1.0067665913315853     
           8          34   1.3008975378637668     
          25          34  0.87379238055809061     
          22          35   1.0158103075394123     
          35          36   1.0053394630988783     
          36          37   1.0097173474698153     
          21          38   1.0161659926898294     
          37          38   1.0068329551945494     
           1          39  0.97516058329493371     
           1          40  0.98047366560297611     
           1          41  0.97900777736640032     
           2          42  0.94808672808333072     
           3          43  0.97976478497306163     
           3          44  0.98203443055223039     
           3          45  0.97947261274029651     
           5          46  0.95541305408187105     
           6          47  0.97824400033204961     
           6          48  0.96967727912596979     
           6          49  0.97889603518404955     
           7          50  0.97972083448757830     
           7          51  0.98387999055648656     
           7          52  0.97928631966671909     
          12          53  0.96443973362236490     
          13          54  0.96764986084236537     
          14          55  0.96899520477027312     
          15          56  0.96671015865243937     
          16          57  0.96498527493884678     
          19          58  0.96255524024133421     
          20          59  0.96622626921775634     
          26          60  0.96391169015860578     
          27          61  0.96592175909727751     
          30          62  0.96102972528546271     
          30          63  0.94818455275499935     
          31          64  0.97658968752202158     
          31          65  0.97640074213758199     
          32          66  0.97606740944558879     
          32          67  0.97631657023000140     
          33          68  0.96557290235721938     
          33          69  0.95091374154726305     
          35          70  0.94940755718042324     
          35          71  0.96239947475293064     
          36          72  0.97622817005344142     
          36          73  0.97656367023298540     
          37          74  0.97699369883853893     
          37          75  0.97603683399257579     
          38          76  0.96534865324186225     
          38          77  0.95079448526899057     
