   -0.13021916
    0.03681318
   -0.12850339
   -0.14646428
    0.08565078
   -0.12086311
   -0.12427984
   -0.12952723
    0.32220054
   -0.06153738
   -0.02850406
    0.04098556
   -0.05333988
    0.10443338
   -0.12451772
   -0.05079294
    0.10470827
   -0.12009394
   -0.05244432
   -0.12110832
   -0.04295810
    0.05130456
   -0.05004924
   -0.03150369
    0.01258457
   -0.03018623
   -0.02268174
   -0.02275221
   -0.03438907
    0.01086388
   -0.01070597
   -0.01176565
    0.05176248
   -0.05323645
   -0.03303760
    0.01241669
   -0.03039958
   -0.02200918
   -0.02213228
   -0.03211452
    0.01226911
   -0.13178207
   -0.03524374
    0.06715323
    0.05995508
    0.05221314
    0.07389455
    0.05391745
    0.07086730
    0.05869078
    0.05316187
    0.06459620
    0.04153723
    0.05707181
    0.06790467
    0.04886966
    0.05876728
    0.05681138
    0.06627848
    0.07842083
    0.09608940
    0.08081743
    0.07190352
    0.05700693
    0.07631091
    0.04558124
    0.05496571
    0.04900931
    0.05081451
    0.04744114
    0.03757617
    0.03975718
    0.05340479
    0.04823814
    0.05112200
    0.04819963
    0.03845172
    0.06412591
    0.05462474
    0.06759852
