           1           2   1.0053239080485010     
           2           3   1.0080452014672461     
           2           4  0.93251741433178448     
           4           5  0.90559031797184608     
           5           6  0.99678655808470606     
           5           7  0.99256792131444738     
           5           8  0.99954446475202685     
           4           9   1.2657668527421124     
           9          10  0.94515548893329404     
          10          11   1.1802961751535905     
          11          12  0.99090612856788407     
          12          13   1.4023385100947161     
          13          14   1.3882045042554936     
          14          15   1.0080268557784080     
          14          16   1.3986438947935862     
          16          17   1.3931175542493319     
          17          18   1.0117499415240134     
          12          19   1.4028303078038309     
          17          19   1.3898323959035817     
           9          20   1.1983992309076177     
          20          21  0.97022710197992101     
          20          22  0.97463599062845074     
          22          23   1.2834696101638756     
          23          24   1.5561803163734826     
          24          25   1.2728018202347560     
          25          26   1.2797721538061795     
          26          27   1.5549783587675425     
          27          28   1.3226765663297226     
          26          29  0.11709056409998365     
          28          29   1.5503122253864983     
          25          30   1.2545119114053032     
          29          30   1.2805810877627954     
          22          31   1.4545088695584945     
          24          31  0.10515373883979010     
          30          31   1.2310931960852436     
          31          32   1.0309612097998762     
          32          33   1.4496468516150411     
          33          34   1.2746816510110099     
          32          35  0.10542868132396341     
          34          35   1.5572482643459413     
          35          36   1.2733468686704352     
          36          37   1.2804542216935135     
          37          38   1.5543970333856050     
          38          39   1.3231524683530536     
          37          40  0.11736153908893655     
          39          40   1.5519957979384149     
          32          41   1.2311112704429206     
          36          41   1.2543299943334434     
          40          41   1.2851477180518374     
           9          42   1.1871005808354629     
          33          42  0.98335223696054030     
          42          43  0.97375869873106657     
           1          44  0.97894874632617979     
           1          45  0.96524739635598222     
           1          46  0.97884914875710072     
           2          47  0.94940728403303187     
           3          48  0.98120795421009366     
           3          49  0.97778201214727634     
           3          50  0.96177785984611941     
           6          51  0.98028244864994285     
           6          52  0.97870568079620190     
           6          53  0.97732547569637540     
           7          54  0.97689307831554184     
           7          55  0.97697108179096492     
           7          56  0.97878433294954026     
           8          57  0.97513878621324235     
           8          58  0.94577139544797950     
           8          59  0.97621558477070147     
          13          60  0.95534730894938003     
          16          61  0.96023528729717078     
          19          62  0.96119226498376120     
          21          63  0.96256906716704793     
          21          64  0.97248301722231623     
          21          65  0.97696026531576718     
          23          66  0.96250667453594851     
          24          67  0.96606704602947424     
          26          68  0.96690829427655123     
          27          69  0.96931539395264299     
          28          70  0.96965457408614064     
          29          71  0.96470121679236498     
          34          72  0.96329965304409748     
          35          73  0.96603768473035379     
          37          74  0.96698969085568076     
          38          75  0.96931063728088795     
          39          76  0.96961151254606948     
          40          77  0.96525012627493911     
          43          78  0.96050209723926749     
          43          79  0.96943685435060178     
          43          80  0.97671738608716463     
