   -0.11686150
    0.02777979
   -0.03474636
   -0.02589736
   -0.03510837
    0.03323783
   -0.02586107
   -0.07118435
    0.57989014
   -0.17643516
    0.04294938
   -0.12056958
   -0.12690735
    0.08396603
   -0.13517093
   -0.12315666
   -0.12563124
   -0.25509660
    0.10871074
   -0.00105895
   -0.11263631
   -0.03975614
   -0.03991519
    0.00803518
   -0.01830288
    0.02493121
   -0.06116119
   -0.06545525
   -0.05896520
   -0.06532619
    0.00862385
   -0.04094643
   -0.04252254
   -0.00212641
   -0.11154647
    0.11379835
   -0.02010931
   -0.27739306
   -0.04248839
    0.05501840
    0.05396577
    0.06853007
    0.05140209
    0.05117970
    0.04705429
    0.07116400
    0.05149140
    0.06562186
    0.04566837
    0.06077175
    0.05160246
    0.06106196
    0.06168581
    0.07142252
    0.05925779
    0.05056397
    0.06482761
    0.05575128
    0.04457599
    0.06929426
    0.05591653
    0.07162895
    0.06606102
    0.04879768
    0.06102566
    0.06041818
    0.05179995
    0.03943590
    0.06159371
    0.05603936
    0.05096976
    0.03775173
    0.05897290
    0.06078023
    0.06012355
    0.06091448
    0.06053380
    0.05163668
    0.06500998
    0.04909252
