           1           2   1.0303463904607000     
           2           3   1.3984608943459771     
           3           4   1.4452795891672792     
           2           5  0.10391956020178428     
           4           5   1.4317480401541622     
           5           6   1.4030142644956944     
           6           7  0.97675022173914861     
           7           8   1.1837708111344176     
           8           9  0.96197097297721468     
           9          10   1.2373883784781305     
          10          11  0.93014975916910547     
          11          12   1.0087755208481746     
          11          13   1.0045081743556221     
          10          14  0.92499249257227056     
          14          15  0.99809788588938197     
          14          16  0.99229255959255669     
          14          17  0.99729967256802232     
           9          18   1.2926539346836252     
          18          19  0.88595770989998668     
          19          20   1.3523819755887785     
          20          21   1.0309304179168477     
          20          22   1.4165550634857160     
          22          23   1.4288729638447053     
          20          24  0.10277172894804072     
          23          24   1.4330911907957944     
          19          25   1.4047219847079626     
          22          25  0.10353601837447776     
          24          25   1.3497478891824186     
          25          26  0.99190065420130868     
          26          27  0.95487756098429788     
          24          28   1.0155568217097801     
          27          28   1.0025218471488382     
          26          29  0.95736524053014149     
          29          30   1.0025628540232694     
          30          31   1.0151300975390367     
          31          32   1.4315251897428338     
          32          33   1.4294113552829868     
          31          34  0.10176948600220564     
          33          34   1.4166654007074631     
          34          35   1.0268164610908879     
          34          36   1.3568813995265940     
          26          37  0.98819021109038629     
          31          37   1.3517644024736544     
          33          37  0.10378735848172008     
          36          37   1.3978830836880798     
           9          38   1.2546093625081927     
          36          38  0.88063501206877293     
           2          39   1.4088400433759833     
           4          39  0.10640647499977482     
           6          39   1.4130556665307488     
           1          40  0.98004376827002337     
           1          41  0.97827895851801727     
           1          42  0.95962409845979169     
           3          43  0.96721999577859796     
           4          44  0.96744374777320286     
           5          45  0.96814029484687669     
          11          46  0.94954087557069955     
          12          47  0.97480118674591387     
          12          48  0.97899372546274233     
          12          49  0.98266854556206573     
          13          50  0.97988509529903378     
          13          51  0.98030038723599788     
          13          52  0.98118154567526472     
          15          53  0.95560680991893554     
          15          54  0.97525289350456412     
          15          55  0.97284126059635467     
          16          56  0.97810280651901560     
          16          57  0.97850566432405361     
          16          58  0.97711380668952219     
          17          59  0.98119718405888912     
          17          60  0.97864541457604826     
          17          61  0.98039413323770663     
          21          62  0.95920930865179443     
          21          63  0.97903048757556843     
          21          64  0.96341197910157461     
          22          65  0.96619952631061878     
          23          66  0.96568321734286955     
          27          67  0.97698888544319640     
          27          68  0.97571761055364625     
          28          69  0.95604639139677305     
          28          70  0.96356857734536316     
          29          71  0.97719080702633787     
          29          72  0.97807366608896507     
          30          73  0.96503191490491935     
          30          74  0.95681385960348453     
          32          75  0.96621065258237560     
          33          76  0.96595025741316998     
          35          77  0.95746582887518805     
          35          78  0.97707459499951732     
          35          79  0.97441998834957699     
          39          80  0.96524143867272572     
