   -0.11489405
   -0.01567639
   -0.11199781
    0.00175367
   -0.11674093
   -0.01157905
   -0.01485582
   -0.11602294
   -0.10945515
    0.22721601
   -0.03130992
   -0.06658825
    0.04063179
   -0.03415368
   -0.02224082
   -0.02345286
   -0.02283019
   -0.03093657
   -0.12660531
   -0.03315584
    0.05177826
   -0.04521974
   -0.03057220
    0.01458175
   -0.02971550
   -0.02123993
   -0.02185183
   -0.03111558
    0.01254361
   -0.00490028
   -0.00864751
    0.05336800
   -0.04934397
   -0.03297288
    0.01336648
   -0.03039912
   -0.02203744
   -0.02258256
   -0.03268240
    0.01194351
   -0.12068195
   -0.02795581
    0.04787621
    0.05468323
    0.03906756
    0.03856556
    0.03771651
    0.04405505
    0.05382355
    0.05203032
    0.06139543
    0.07451109
    0.06610523
    0.03134285
    0.04317684
    0.04872125
    0.05637565
    0.05335052
    0.05136578
    0.03541564
    0.05121481
    0.05755719
    0.05736896
    0.05447338
    0.04873065
    0.06650563
    0.06207718
    0.06472229
    0.04387530
    0.05648592
    0.04984864
    0.05223938
    0.04910708
    0.04054577
    0.04535609
    0.05327542
    0.04825491
    0.05102100
    0.04781431
    0.03763048
    0.07068270
    0.06111023
    0.04775562
