           1           2   1.0045613797052886     
           2           3   1.0098703580689197     
           2           4  0.98592756895105693     
           4           5  0.94602438079991058     
           5           6  0.96216447798529892     
           6           7  0.98497511487008760     
           7           8   1.0056906002631782     
           7           9   1.0112180612402957     
           5          10   1.2772829418477929     
          10          11  0.94412970535254070     
          11          12   1.2405388649634406     
          12          13  0.97078736782982122     
          13          14   1.4013058623284931     
          14          15   1.4392083894271894     
          13          16  0.10267812048634568     
          15          16   1.4378620575882568     
          14          17  0.10877111168372500     
          16          17   1.4339025191028494     
          13          18   1.4068868033500734     
          15          18  0.10951229340478509     
          17          18   1.4411446785760977     
          10          19   1.2332077821770231     
          19          20  0.97587044439548476     
          19          21  0.95479183527388078     
          21          22   1.2816824443803774     
          22          23   1.5490715088963185     
          23          24   1.2746498386879628     
          24          25   1.2808602414527508     
          25          26   1.5541100898384879     
          26          27   1.3233124614753740     
          25          28  0.11706027964611389     
          27          28   1.5512536890233493     
          24          29   1.2526438195893927     
          28          29   1.2857623685634103     
          21          30   1.4496392718089539     
          23          30  0.10408894153164731     
          29          30   1.2329766350022082     
          30          31   1.0357903572541347     
          31          32   1.4631992256930388     
          32          33   1.2828681066401040     
          31          34  0.10471787371115282     
          33          34   1.5605627495661569     
          34          35   1.2712194649562636     
          35          36   1.2816168142998630     
          36          37   1.5534179734805134     
          37          38   1.3244921986427072     
          36          39  0.11738143752011496     
          38          39   1.5506835148608762     
          31          40   1.2279541735484532     
          35          40   1.2557893429705373     
          39          40   1.2866904248446174     
          10          41   1.2183122931460788     
          32          41  0.97398592324402844     
          41          42  0.97224651609108415     
           1          43  0.98558912009482025     
           1          44  0.98392779196203839     
           1          45  0.98501078769570583     
           2          46  0.95979427786568694     
           3          47  0.98307518156672868     
           3          48  0.98460536105587171     
           3          49  0.98282739446723544     
           4          50  0.95666539514473792     
           4          51  0.96482682407497367     
           6          52  0.95960159297031278     
           6          53  0.95053884635531394     
           7          54  0.96211876159332987     
           8          55  0.98549059507210324     
           8          56  0.98565907051275703     
           8          57  0.98379353456947771     
           9          58  0.98216820010154793     
           9          59  0.98424468312680713     
           9          60  0.95673314048503366     
          14          61  0.96730933907344741     
          15          62  0.96728635221575099     
          16          63  0.96867517401173531     
          17          64  0.96754500439815372     
          18          65  0.95200425008315470     
          20          66  0.97424436345774579     
          20          67  0.97448209598910007     
          20          68  0.96858969529468664     
          22          69  0.95702073366944551     
          23          70  0.96571297245713084     
          25          71  0.96684609619060913     
          26          72  0.96918839370099896     
          27          73  0.96952552973181916     
          28          74  0.96559661228718596     
          33          75  0.96128232607990605     
          34          76  0.96587870246533625     
          36          77  0.96695596080405888     
          37          78  0.96930229575572613     
          38          79  0.96965564639173296     
          39          80  0.96504751646016373     
          42          81  0.97436474464801281     
          42          82  0.96538126870272012     
          42          83  0.97182963009212653     
