   -0.04059153
   -0.12556299
    0.05245891
   -0.04876287
   -0.03102156
    0.01304368
   -0.02979358
   -0.02346200
   -0.02485276
   -0.03608440
    0.01075785
   -0.01071978
   -0.01273576
    0.05255911
   -0.05481806
   -0.03431215
    0.01136354
   -0.03088014
   -0.02236649
   -0.02231093
   -0.03218959
    0.01165561
   -0.13225913
   -0.03368912
    0.32056185
   -0.05410096
   -0.03515005
    0.03771963
   -0.02909768
   -0.01688082
   -0.01818991
   -0.02023149
   -0.02839672
    0.49078523
   -0.19421754
   -0.21784930
   -0.19248718
   -0.14520784
    0.08589897
   -0.12133886
   -0.12948505
   -0.06797235
   -0.06249455
   -0.07306988
    0.08237660
   -0.13700850
   -0.12551313
    0.05565693
    0.07045533
    0.07338052
    0.04588686
    0.05551267
    0.04971758
    0.05035961
    0.04497031
    0.03470136
    0.03993517
    0.05204783
    0.04754040
    0.05070764
    0.04805343
    0.03860737
    0.05660391
    0.06330771
    0.06467968
    0.06592290
    0.06936665
    0.07511424
    0.08178433
    0.06194681
    0.04423832
    0.05407396
    0.05430831
    0.05586781
    0.06498092
    0.03745363
    0.05690080
    0.05160530
    0.04879976
    0.05272810
    0.06066194
    0.07201795
    0.06900454
    0.04993083
    0.06920648
    0.05048672
    0.05739909
