           1           2  0.97168218775790094     
           2           3  0.97697240201220659     
           3           4   1.2828902513558331     
           4           5   1.5555054161331050     
           5           6   1.2732245964941125     
           6           7   1.2796955483867181     
           7           8   1.5551050944982163     
           8           9   1.3226907169977533     
           7          10  0.11728982728891105     
           9          10   1.5513315944307930     
           6          11   1.2544094003040920     
          10          11   1.2813490871901811     
           3          12   1.4540545752468252     
           5          12  0.10553339061139053     
          11          12   1.2316605742878832     
          12          13   1.0307113052468662     
          13          14   1.4449120220695080     
          14          15   1.2748414294704506     
          13          16  0.10556349565422436     
          15          16   1.5569393010075838     
          16          17   1.2735740094872685     
          17          18   1.2803491480133791     
          18          19   1.5546198316424698     
          19          20   1.3227972337213241     
          18          21  0.11737977233326016     
          20          21   1.5524908249190006     
          13          22   1.2329767503317524     
          17          22   1.2538744413766345     
          21          22   1.2844164660145987     
          14          23  0.98953605092558428     
          23          24  0.97381736780967887     
           2          25   1.1842065648881128     
          23          25   1.1790710546830421     
          25          26  0.94197662457441667     
          26          27   1.1869215165161791     
          27          28  0.99358958410444642     
          28          29   1.3990476675226557     
          29          30   1.4426027602695304     
          28          31  0.10175319413468198     
          30          31   1.4328575977432814     
          29          32  0.10530654660354549     
          31          32   1.4374066607442306     
          28          33   1.3791509432716293     
          30          33  0.10433334813448630     
          32          33   1.4132347612809983     
          33          34  0.94892268656477607     
          34          35  0.95680401240866808     
          34          36  0.92461822467746480     
          34          37  0.96323844401880132     
          25          38   1.2734133089636994     
          38          39  0.90682643966144272     
          39          40  0.99258728502385107     
          39          41  0.99686684168242323     
          39          42  0.98179847223628358     
          42          43   1.0043585882931338     
          43          44   1.0051354204439285     
          38          45  0.91199016545013090     
          44          45  0.98159416035652336     
          45          46  0.99530316681519870     
          45          47  0.99947743357263874     
           1          48  0.97113336011351370     
           1          49  0.95938383301880426     
           1          50  0.97728415018764037     
           4          51  0.96189031023327409     
           5          52  0.96600010529581981     
           7          53  0.96683087756941255     
           8          54  0.96936266659793013     
           9          55  0.96989899239604904     
          10          56  0.96470813172435865     
          15          57  0.96233704830246192     
          16          58  0.96620001523373722     
          18          59  0.96707641915385545     
          19          60  0.96936401756348478     
          20          61  0.96962119280648484     
          21          62  0.96538956971103840     
          24          63  0.97187815572125558     
          24          64  0.96164242960605739     
          24          65  0.97720490740339438     
          29          66  0.95922808564019268     
          30          67  0.96589966078121514     
          31          68  0.96604548397516343     
          32          69  0.96228012718409728     
          40          70  0.97996749434246078     
          40          71  0.97843267215846441     
          40          72  0.97490028437839105     
          41          73  0.97536986204746223     
          41          74  0.94737599802680805     
          41          75  0.97634744796603612     
          42          76  0.96855114877639781     
          42          77  0.97066359917308920     
          43          78  0.97819542000202775     
          43          79  0.97847830438533578     
          44          80  0.96803869048002444     
          44          81  0.96945713876871809     
          46          82  0.95513097415594284     
          46          83  0.97627669353798152     
          46          84  0.97749158878680587     
          47          85  0.97824788755031400     
          47          86  0.95781431944727513     
          47          87  0.97991380277901963     
