    0.02997373
   -0.24856483
    0.14920047
   -0.06850110
    0.00777479
   -0.01153774
   -0.10772804
   -0.10243814
    0.00247244
   -0.07341425
   -0.07525941
    0.28552191
   -0.14722827
    0.04867638
   -0.11869367
   -0.12499286
    0.05521528
   -0.11906496
   -0.11687278
   -0.12660930
   -0.03662976
    0.05434906
   -0.04611882
   -0.03102895
    0.01524300
   -0.03062097
   -0.02408733
   -0.02439065
   -0.03230325
    0.01436826
   -0.00720166
   -0.01018644
    0.05344057
   -0.05242333
   -0.03520039
    0.01110061
   -0.03137360
   -0.02285436
   -0.02306472
   -0.03206019
    0.01118439
   -0.12695756
   -0.02659661
    0.01037003
   -0.01260379
   -0.10554281
   -0.10562045
   -0.07602140
    0.07529671
    0.04720383
    0.05041610
    0.06875897
    0.03505704
    0.03193921
    0.04107032
    0.04958044
    0.04718781
    0.03597993
    0.04563820
    0.05917318
    0.05845207
    0.06277361
    0.05214487
    0.05966919
    0.04657836
    0.06405126
    0.04780728
    0.05566845
    0.04311455
    0.06361161
    0.04768941
    0.05883850
    0.06261591
    0.05320900
    0.07405647
    0.06935265
    0.04381350
    0.05307358
    0.04724430
    0.04856315
    0.04498431
    0.03717434
    0.04205964
    0.05055716
    0.04629954
    0.04948377
    0.04690821
    0.03800520
    0.06215056
    0.04350419
    0.07343554
    0.04253232
    0.04344611
    0.04814280
    0.04064605
    0.02886893
    0.04447820
    0.04798187
    0.05461328
