           1           2  0.97583406191997191     
           2           3   1.0986486516489111     
           3           4   1.3236758315771846     
           4           5   1.4605687428149998     
           5           6   1.0024585939000608     
           6           7   1.0069419014745349     
           6           8  0.98622412428824280     
           5           9   1.3304012328733912     
           9          10  0.99664202609999175     
          10          11   1.0917689478796864     
          11          12   1.0530550074935685     
          12          13   1.2530472492621860     
          13          14  0.94186751213632558     
          14          15   1.0051855708419906     
          14          16   1.0031163815605919     
          13          17  0.93675757301323870     
          17          18   1.0006748912526984     
          17          19   1.0044412136112086     
          12          20   1.2114537657431943     
          20          21  0.97119935775569022     
          20          22  0.96896390823997436     
          22          23   1.2864263876705744     
          23          24   1.5571202795825476     
          24          25   1.2726911613190948     
          25          26   1.2790871111360995     
          26          27   1.5528405818190774     
          27          28   1.3238941605913441     
          26          29  0.11740713687875400     
          28          29   1.5494624160117185     
          25          30   1.2552447408909442     
          29          30   1.2841880259895564     
          22          31   1.4577583546774620     
          24          31  0.10506812233659325     
          30          31   1.2285264729239893     
          31          32   1.0343097961893151     
          32          33   1.4475432659656284     
          33          34   1.2862256496920623     
          32          35  0.10619129552250223     
          34          35   1.5538830277549924     
          35          36   1.2744341291803782     
          36          37   1.2798964900758827     
          37          38   1.5553128886161394     
          38          39   1.3221849977901994     
          37          40  0.11748831647558226     
          39          40   1.5532790413410407     
          32          41   1.2343510206169603     
          36          41   1.2540058622627686     
          40          41   1.2833344254250487     
          12          42   1.1906253447623258     
          33          42  0.97353465000479011     
          42          43  0.97227821902576050     
           9          44   1.3747779766656245     
          44          45   1.0015800005972817     
          45          46  0.99320421981651674     
          45          47  0.99477871607228385     
           3          48   1.3618912623314936     
          44          48   1.4157707104813713     
           1          49  0.97822509203730035     
           1          50  0.97604063004614217     
           1          51  0.97601365212743252     
           4          52  0.95922589984825379     
           6          53  0.95214446713331358     
           7          54  0.98377634664589786     
           7          55  0.98118576512870948     
           7          56  0.98281673687758020     
           8          57  0.98597638761668571     
           8          58  0.98046413211255645     
           8          59  0.98003737896653276     
          14          60  0.92942081263055676     
          15          61  0.97685618417615760     
          15          62  0.97925455465875599     
          15          63  0.98271797730560406     
          16          64  0.97980540071508448     
          16          65  0.97946224284512573     
          16          66  0.97976314677233933     
          17          67  0.93723380785344923     
          18          68  0.98199021103652706     
          18          69  0.97672048641031473     
          18          70  0.98001803084273553     
          19          71  0.97587424993014094     
          19          72  0.97735618932634383     
          19          73  0.97880458082586230     
          21          74  0.97252192717699226     
          21          75  0.97732627223491986     
          21          76  0.96120159912767633     
          23          77  0.96331049889848619     
          24          78  0.96627782824987407     
          26          79  0.96705135109367024     
          27          80  0.96952853440071085     
          28          81  0.96992322349395388     
          29          82  0.96405686989880324     
          34          83  0.96252722720743122     
          35          84  0.96641381598832665     
          37          85  0.96720494679430602     
          38          86  0.96949296331800261     
          39          87  0.96971551271542078     
          40          88  0.96562404550249648     
          43          89  0.96492817561420385     
          43          90  0.97285118479337873     
          43          91  0.97449761533897483     
          45          92  0.95474164181557319     
          46          93  0.98339043552226901     
          46          94  0.98385992500532315     
          46          95  0.98681737961582627     
          47          96  0.98592833671675306     
          47          97  0.98375748392691342     
          47          98  0.98449236252629246     
          48          99  0.95729500612261198     
