    0.03317105
   -0.25718125
    0.14517392
   -0.07837290
    0.02253240
   -0.11144777
    0.00440525
   -0.03814333
   -0.00010462
    0.52496975
   -0.16487531
    0.04272830
   -0.12512544
   -0.12454600
    0.05856762
   -0.12122627
   -0.12022143
   -0.27172350
    0.11013789
    0.12697493
   -0.25512221
    0.03053509
   -0.08140096
    0.01118005
   -0.03285867
   -0.02082060
   -0.02366389
   -0.02841924
    0.00506608
   -0.01165980
   -0.01001240
    0.10482024
    0.12419482
   -0.25056253
    0.02527182
   -0.07634728
    0.01315938
   -0.03193345
   -0.02072211
   -0.02305123
   -0.02712524
    0.00499778
   -0.25869346
    0.01533351
   -0.11123196
   -0.07180211
    0.05188489
    0.07286732
    0.03693237
    0.04546266
    0.05380428
    0.06105827
    0.06216971
    0.06674164
    0.05696597
    0.06836765
    0.05501293
    0.05814688
    0.05261514
    0.06886482
    0.04306497
    0.05281182
    0.05706123
    0.06181999
    0.06011117
    0.05946951
    0.05684427
    0.05032171
    0.05160120
    0.07370375
    0.05991907
    0.04826314
    0.05450118
    0.05230799
    0.04446261
    0.07791262
    0.05619577
    0.06248930
    0.06505151
    0.05097838
    0.05494795
    0.05347362
    0.05081537
    0.06388981
    0.06297682
    0.04989996
    0.05938587
