           1           2  0.97883326961994854     
           2           3   1.0837317922427325     
           3           4   1.3560188595216787     
           4           5   1.4241691307516513     
           5           6   1.0306929987327589     
           5           7   1.3646486147140826     
           7           8  0.97976261290271938     
           8           9   1.2351723135833861     
           9          10  0.96246640684455220     
          10          11   1.2312956949183922     
          11          12  0.94460831959418179     
          12          13   1.0066984184052983     
          12          14   1.0077488669936754     
          11          15  0.92869126813252045     
          15          16   1.0041791661050177     
          15          17   1.0040689058867323     
          10          18   1.2533413593951575     
          18          19  0.90985825896824879     
          19          20   1.2123226302098671     
          20          21   1.0763514958868485     
          21          22  0.97477155392993386     
          20          23   1.4702170360058271     
          23          24   1.2705144638811272     
          24          25   1.2831120965237282     
          25          26   1.5500781062367139     
          26          27   1.3269685231276127     
          25          28  0.11615176625617153     
          27          28   1.5454286438048359     
          24          29   1.2554517521743502     
          28          29   1.2910407983511336     
          19          30   1.4787151931021174     
          29          30   1.2150557659741594     
          30          31   1.0396661573783272     
          31          32   1.4770449211208583     
          32          33   1.2196431850104197     
          33          34   1.0633142992704956     
          34          35  0.96696421256546494     
          33          36   1.4751188803364417     
          36          37   1.2696210645396808     
          37          38   1.2845253649586554     
          38          39   1.5482923228174108     
          39          40   1.3284904342086568     
          38          41  0.11609494396229797     
          40          41   1.5423695107761193     
          31          42   1.2173210668387515     
          37          42   1.2525241434512624     
          41          42   1.2912095879393892     
          10          43   1.2720988057117779     
          32          43  0.91249667787462330     
           7          44   1.3617401144020944     
          44          45   1.0306051623615886     
           3          46   1.3449775896312601     
          44          46   1.4343356757039532     
           1          47  0.97572134771374341     
           1          48  0.97846100232876798     
           1          49  0.97591888889886635     
           4          50  0.96126070661972896     
           6          51  0.98214355465533909     
           6          52  0.96130059608245533     
           6          53  0.97009680482687310     
          12          54  0.95518460548449768     
          13          55  0.98305852559563833     
          13          56  0.97981098934356359     
          13          57  0.96632900296108981     
          14          58  0.98125421220132591     
          14          59  0.95912173536201573     
          14          60  0.97957115290634889     
          15          61  0.94598481825522540     
          16          62  0.98113379039960091     
          16          63  0.98151647527040264     
          16          64  0.97964832690088466     
          17          65  0.97961294586737491     
          17          66  0.98174783644261043     
          17          67  0.98023315576840175     
          22          68  0.97609929634644510     
          22          69  0.97582132979669334     
          22          70  0.97773946675499834     
          23          71  0.96037921037540674     
          25          72  0.96692421968745124     
          26          73  0.96899139202428053     
          27          74  0.96919618748892533     
          28          75  0.96479551179006040     
          35          76  0.97789223697751948     
          35          77  0.97548708264623052     
          35          78  0.97594885993152714     
          36          79  0.96033070285659161     
          38          80  0.96660561812212198     
          39          81  0.96887640264713171     
          40          82  0.96907058940511737     
          41          83  0.96266623790326422     
          45          84  0.97051613276784310     
          45          85  0.97511741334912228     
          45          86  0.95290888267436413     
          46          87  0.96168162309797856     
