    0.03047252
   -0.25523874
    0.14959338
   -0.05569501
   -0.03401187
   -0.00604221
   -0.00722484
   -0.03466390
   -0.03784433
    0.01188652
   -0.01671063
    0.11262259
   -0.24559771
    0.50822130
   -0.00607068
   -0.06059313
    0.03048016
   -0.03434058
   -0.03446710
    0.02775319
   -0.11824255
   -0.03516970
   -0.03659514
   -0.16056909
    0.04629298
   -0.11867853
   -0.12034419
    0.04726549
   -0.12350537
   -0.12186894
   -0.27093244
    0.11415291
   -0.00831919
   -0.00419244
   -0.03424674
   -0.05564888
    0.14914672
   -0.25529451
    0.03138137
   -0.06827049
   -0.03827034
   -0.04043312
   -0.04194308
    0.00852031
   -0.01852313
    0.02535873
   -0.05998572
   -0.06417593
   -0.05899383
   -0.06429992
   -0.03327953
   -0.06375157
    0.04469761
    0.04978971
    0.07237884
    0.05672958
    0.03806780
    0.06238320
    0.06055773
    0.05103751
    0.05502308
    0.06737945
    0.05572879
    0.05667146
    0.05495728
    0.05050554
    0.05229780
    0.06003066
    0.05443409
    0.04041978
    0.05289906
    0.05805872
    0.06477433
    0.06427384
    0.06659785
    0.05419332
    0.04924992
    0.05215761
    0.06203123
    0.06057522
    0.04302207
    0.05716219
    0.04985444
    0.07281024
    0.04351983
    0.04446929
    0.04301399
    0.06081370
    0.05747327
    0.04018827
    0.05091454
    0.06059955
    0.05876610
    0.05052247
    0.04008154
    0.05974455
    0.05767807
    0.04356930
    0.04878249
