           1           2  0.97815257302748659     
           2           3   1.0885910739250633     
           3           4   1.3352480759815126     
           4           5   1.4790010175316850     
           5           6   1.3620835974099825     
           6           7   1.0446581351835966     
           7           8   1.3903442693951522     
           8           9   1.4382981276995424     
           9          10   1.4261422015347871     
           8          11  0.10123505896709258     
          10          11   1.3501403795808506     
           7          12   1.3366058434196477     
          11          12   1.4036813099269247     
          12          13  0.88518697178782779     
          13          14   1.3059788378046322     
          14          15  0.89343907513884269     
          15          16   1.2698601093237210     
          16          17  0.96642492608451391     
          17          18   1.3992227743975438     
          18          19   1.4494750592042300     
          19          20   1.3991882712255408     
          20          21   1.0327957356415873     
          18          22  0.10539416989293386     
          20          22   1.4021402572545574     
          17          23   1.3931148703580385     
          19          23  0.10429549684933731     
          22          23   1.4486800339083794     
          14          24   1.2286143161139329     
          15          24  0.10887355136590809     
          24          25  0.94737838204443470     
          25          26   1.0051216351564745     
          25          27   1.0014055424039998     
          24          28  0.94089350927158111     
          28          29   1.0062399703799474     
          28          30   1.0050823703154459     
          14          31   1.2945682995769698     
          31          32  0.87428064981179954     
          32          33   1.3298493312022241     
          33          34   1.0610509175358485     
          34          35   1.3516612036211610     
          35          36   1.4911791128092271     
          36          37   1.3312845004360194     
          37          38   1.0891682879794109     
          38          39  0.97797133686471438     
          37          40   1.3571661301349678     
          34          41   1.3789807831029799     
          36          41  0.10052644677127430     
          40          41   1.4580095416632828     
          33          42   1.3848397216280175     
          42          43   1.4375353364705976     
          43          44   1.4263374346960693     
          32          45   1.4068147130655944     
          42          45  0.10053230882555045     
          44          45   1.3473173741887428     
          11          46  0.99211401879172811     
          45          46  0.98582806972945436     
          46          47  0.95201060954862937     
          10          48   1.0161682510704615     
          47          48   1.0024498789404079     
          46          49  0.96039662213404753     
          44          50   1.0150620951892992     
          49          50   1.0021946442466279     
           4          51  0.10202595704546055     
           6          51   1.3858312987201680     
           3          52   1.3590454498854228     
          51          52   1.4506528952156101     
           1          53  0.97639401266416392     
           1          54  0.97628267766898302     
           1          55  0.97865046038044778     
           4          56  0.96657906335965005     
           5          57  0.96712112357959001     
           8          58  0.96548827206731902     
           9          59  0.96575385147478876     
          18          60  0.95062009151316396     
          19          61  0.96578333178866815     
          21          62  0.95916495175353000     
          21          63  0.98008282347031106     
          21          64  0.97846476490495282     
          22          65  0.96599777255467212     
          23          66  0.96612796760152486     
          25          67  0.94016835024641121     
          26          68  0.98082413815331060     
          26          69  0.98137612145572761     
          26          70  0.97201088256010604     
          27          71  0.98212213048107266     
          27          72  0.97823772125540887     
          27          73  0.97682030250620688     
          28          74  0.95243073667922684     
          29          75  0.97926942403725126     
          29          76  0.95868431737392912     
          29          77  0.97943095706316008     
          30          78  0.98348759365458649     
          30          79  0.98077725091800338     
          30          80  0.97842840218049609     
          35          81  0.96607282733690847     
          36          82  0.96670429325306828     
          39          83  0.97632102734969373     
          39          84  0.97855565117899390     
          39          85  0.97636065606373590     
          40          86  0.96531289549625154     
          41          87  0.96464964574832179     
          42          88  0.96302288695036531     
          43          89  0.96606991464967606     
          47          90  0.97857258377940026     
          47          91  0.97682549389328088     
          48          92  0.95553206491255982     
          48          93  0.96639447294486325     
          49          94  0.97768501968401078     
          49          95  0.97862002890101307     
          50          96  0.95729580982077966     
          50          97  0.96427094689942283     
          51          98  0.96604192130338262     
          52          99  0.96467685850116947     
