    0.03027699
   -0.25333500
    0.15041836
   -0.05576281
   -0.03978489
   -0.02061667
    0.03852120
   -0.11916465
   -0.14822477
    0.04640275
   -0.11081026
   -0.02166775
   -0.03953361
   -0.06715219
    0.15166822
   -0.24961195
    0.02998015
   -0.05435011
   -0.03282212
    0.30393935
   -0.04942858
   -0.05670846
    0.03820243
   -0.03071766
   -0.02324602
   -0.02284076
   -0.02403303
   -0.03172228
   -0.12390659
   -0.03928677
    0.05519967
   -0.04724838
   -0.03235508
    0.01214336
   -0.03079319
   -0.02360213
   -0.02427599
   -0.03350057
    0.01162266
   -0.00957955
   -0.01098774
    0.05271699
   -0.05276350
   -0.03450428
    0.01146986
   -0.03085563
   -0.02292384
   -0.02310037
   -0.03236620
    0.01132296
   -0.13670042
   -0.02930493
   -0.03762149
   -0.06649451
    0.07408415
    0.04958162
    0.04593737
    0.05821816
    0.03554044
    0.06933630
    0.04829001
    0.06508898
    0.05069023
    0.05017219
    0.04130900
    0.06032059
    0.05759803
    0.03098381
    0.04622361
    0.04852263
    0.04604416
    0.07585800
    0.06412614
    0.04200107
    0.04818740
    0.05254733
    0.05699469
    0.05682689
    0.05182949
    0.07380560
    0.07451691
    0.05232145
    0.04536007
    0.05289817
    0.04708694
    0.04869131
    0.04479030
    0.03576941
    0.04020569
    0.05142869
    0.04673461
    0.04941797
    0.04657799
    0.03805773
    0.06835665
    0.06028139
    0.04967861
    0.04844575
    0.04908227
