           1           2  0.97689830609635764     
           2           3   1.0922886811572481     
           3           4   1.3287985337994441     
           4           5   1.4873821450844404     
           5           6   1.3771494911116695     
           6           7  0.98931893465722787     
           7           8   1.0062278398209847     
           7           9  0.92807501703545148     
           9          10  0.91612250087415215     
          10          11   1.0012718350836913     
          10          12  0.98917367424382496     
          12          13   1.4087444677712111     
          13          14   1.4474458819355724     
          14          15   1.3596759375255376     
          15          16   1.0968008600248371     
          16          17  0.97674610626187186     
          13          18  0.10430228905690123     
          15          18   1.3337559644311523     
          12          19   1.3834203844302284     
          18          19   1.4797075530793462     
           9          20   1.2639124165984192     
          20          21   1.0157276691258570     
          21          22   1.1490799063769237     
          22          23  0.97788725041031244     
          23          24   1.4060721352447270     
          24          25   1.4380691748263645     
          23          26  0.10262862052175438     
          25          26   1.4394125107807798     
          24          27  0.10850137655223237     
          26          27   1.4321860642892850     
          23          28   1.4033144200981624     
          25          28  0.10981102228306930     
          27          28   1.4440921635315473     
          20          29   1.2101665977051530     
          29          30  0.96838868454791449     
          29          31  0.97655939044083373     
          31          32   1.2815119411193594     
          32          33   1.5613812370548332     
          33          34   1.2698055226669680     
          34          35   1.2821715965104710     
          35          36   1.5528282252859209     
          36          37   1.3246081059972390     
          35          38  0.11732247444952562     
          37          38   1.5509412446065198     
          34          39   1.2545042191194000     
          38          39   1.2846613285420050     
          31          40   1.4586140412727984     
          33          40  0.10382282008748422     
          39          40   1.2281948239842628     
          40          41   1.0312467319414897     
          41          42   1.4522461943108398     
          42          43   1.2804615083217654     
          41          44  0.10534742759331621     
          43          44   1.5574713013291415     
          44          45   1.2729159776261134     
          45          46   1.2808782464096964     
          46          47   1.5542873543363105     
          47          48   1.3232935079122166     
          46          49  0.11746264866166120     
          48          49   1.5522225489677266     
          41          50   1.2330039351946798     
          45          50   1.2543353314113270     
          49          50   1.2848249191886649     
          20          51   1.1815189135030590     
          42          51  0.97394608267214300     
          51          52  0.97373406531418016     
           4          53  0.10168443465412683     
           6          53   1.4110714993551590     
           3          54   1.3676422212443160     
          53          54   1.4387418367483162     
           1          55  0.97846446709770218     
           1          56  0.97628677519683338     
           1          57  0.97645058401291385     
           4          58  0.96697107160038853     
           5          59  0.96109788276738262     
           7          60  0.94189433159303038     
           8          61  0.96970047785136904     
           8          62  0.97901016219249914     
           8          63  0.98062232163517538     
          10          64  0.92983537086908552     
          11          65  0.97837622130542790     
          11          66  0.97928431876966426     
          11          67  0.97805722705576992     
          13          68  0.96630737380950349     
          14          69  0.96535259866771528     
          17          70  0.97628199179734021     
          17          71  0.97646279590863883     
          17          72  0.97822396738442974     
          18          73  0.96640027167983422     
          19          74  0.96003195262560503     
          24          75  0.96359426626264288     
          25          76  0.96803875176159626     
          26          77  0.96892641449222061     
          27          78  0.96753360019187562     
          28          79  0.96667138985171708     
          30          80  0.95894533310318897     
          30          81  0.97693987554842754     
          30          82  0.97292900885521194     
          32          83  0.96351484181859548     
          33          84  0.96629192601802938     
          35          85  0.96711256696420234     
          36          86  0.96956038827985203     
          37          87  0.96992873234957144     
          38          88  0.96553098947431470     
          43          89  0.96258984379344825     
          44          90  0.96631879809999388     
          46          91  0.96714960063622679     
          47          92  0.96949412401264623     
          48          93  0.96977486443033456     
          49          94  0.96540725415979178     
          52          95  0.97799772821951858     
          52          96  0.96322686707455663     
          52          97  0.97256418255274835     
          53          98  0.96228028889064743     
          54          99  0.96513298129749381     
