   -0.02931856
   -0.13326030
    0.05255753
   -0.04751472
   -0.03275559
    0.01315839
   -0.03031705
   -0.02190227
   -0.02261351
   -0.03125185
    0.01254265
   -0.00718732
   -0.00954236
    0.05479297
   -0.04851391
   -0.03251857
    0.01230566
   -0.03082558
   -0.02275439
   -0.02304920
   -0.03301319
    0.01198999
   -0.11201247
   -0.03718643
    0.30073785
   -0.04885007
   -0.05474936
    0.03678970
   -0.03170771
   -0.02321170
   -0.02169517
   -0.02324453
   -0.03021349
   -0.12947849
    0.06543634
   -0.04309988
   -0.02316930
   -0.02771235
   -0.02315848
   -0.04945198
    0.06380374
   -0.03607468
   -0.01918775
   -0.02209729
   -0.02108943
   -0.04162406
    0.05470551
    0.06745293
    0.06022195
    0.03739486
    0.05251664
    0.04798352
    0.05249511
    0.05008451
    0.04117120
    0.05002744
    0.05429034
    0.04858545
    0.05054177
    0.04703783
    0.03660477
    0.07151393
    0.06183882
    0.07715334
    0.04834333
    0.05202456
    0.05819371
    0.05863591
    0.05446913
    0.04260651
    0.05607033
    0.05552139
    0.04910285
    0.04509900
    0.04829330
    0.06178594
    0.06246525
    0.05778462
    0.03922246
