           1           2  0.97328613156797750     
           2           3  0.94838393324703696     
           3           4   1.2872350993224391     
           4           5   1.5573324622990170     
           5           6   1.2711073051644544     
           6           7   1.2821855894971228     
           7           8   1.5530789644726677     
           8           9   1.3240356408436487     
           7          10  0.11694972667649733     
           9          10   1.5507832179859329     
           6          11   1.2531583750994990     
          10          11   1.2863459165338991     
           3          12   1.4529392590650008     
           5          12  0.10406922849125631     
          11          12   1.2318863274897953     
          12          13   1.0318263126997718     
          13          14   1.4507420997706264     
          14          15   1.2836374030273729     
          13          16  0.10525162778083198     
          15          16   1.5567470741281142     
          16          17   1.2712587293212161     
          17          18   1.2810340362429700     
          18          19   1.5538450135914523     
          19          20   1.3234867001339869     
          18          21  0.11733755406341365     
          20          21   1.5520961136544860     
          13          22   1.2330615069257018     
          17          22   1.2538751996921844     
          21          22   1.2845901240580335     
          14          23  0.98523313066006657     
          23          24  0.96775706652912263     
           2          25   1.2046793100725897     
          23          25   1.2293151254145376     
          25          26   1.0392253143608723     
          26          27   1.1308282711252970     
          27          28  0.97449106957942366     
          28          29   1.4083019799955099     
          29          30   1.4376438053934479     
          28          31  0.10289975735853096     
          30          31   1.4393224015488064     
          29          32  0.10886607828735725     
          31          32   1.4327797666884052     
          28          33   1.4058460922058729     
          30          33  0.10989046166948710     
          32          33   1.4434682295083152     
          25          34   1.1893134959006921     
          34          35  0.97198725709371059     
          35          36   1.3860302929006223     
          36          37   1.4468077614681811     
          35          38  0.10144704553527448     
          37          38   1.4345032411018224     
          36          39  0.10887405914329615     
          38          39   1.4368896012265040     
          35          40   1.3902811922353047     
          37          40  0.10797270222121944     
          39          40   1.4418574534978768     
          34          41  0.96500887986985118     
          41          42   1.3965128203317323     
          42          43   1.4464511457617026     
          41          44  0.10309462951374167     
          43          44   1.4315795680563639     
          42          45  0.11064146670079587     
          44          45   1.4444161579832426     
          41          46   1.3903816402225466     
          43          46  0.10679335301822936     
          45          46   1.4316740459252177     
           1          47  0.97482774618052326     
           1          48  0.97683579852592117     
           1          49  0.96689610878823973     
           4          50  0.96256494924883129     
           5          51  0.96617958756888300     
           7          52  0.96698210431010412     
           8          53  0.96916658990848825     
           9          54  0.96945222538859621     
          10          55  0.96532258613944055     
          15          56  0.96301143912043674     
          16          57  0.96611829336496380     
          18          58  0.96696704352317842     
          19          59  0.96937275866531381     
          20          60  0.96971265992601852     
          21          61  0.96540962093458527     
          24          62  0.96340340274917791     
          24          63  0.97156365852410631     
          24          64  0.97647109256697484     
          29          65  0.96363525414126794     
          30          66  0.96812838677358193     
          31          67  0.96876295323365424     
          32          68  0.96730838157417121     
          33          69  0.96691928564324048     
          36          70  0.96595570555003618     
          37          71  0.96863243432792667     
          38          72  0.96913619867269474     
          39          73  0.96942795619532829     
          40          74  0.95771778516688721     
          42          75  0.96731667816250511     
          43          76  0.96804803240638870     
          44          77  0.96834898662337288     
          45          78  0.96850476325485679     
          46          79  0.95205169917719845     
