   -0.11637700
    0.04916506
   -0.11962140
   -0.13724700
    0.04512353
   -0.12060547
   -0.11879822
    0.24233900
   -0.03960793
   -0.03962979
    0.03870784
   -0.03357288
   -0.02273220
   -0.02272361
   -0.02063168
   -0.02889122
   -0.12862275
   -0.02969218
    0.04963794
   -0.05391597
   -0.04053642
    0.01200800
    0.00843347
   -0.01173759
   -0.00900778
    0.04804928
   -0.04684888
   -0.03993168
    0.01245484
    0.00792945
   -0.06177835
   -0.05368196
   -0.05937545
   -0.06388750
   -0.12123331
   -0.03838118
   -0.06143992
   -0.05491338
   -0.05807353
   -0.06366439
    0.05950161
    0.05634248
    0.04344464
    0.05520309
    0.05588619
    0.04814087
    0.06445115
    0.06295762
    0.04937878
    0.06254390
    0.05609236
    0.05447996
    0.06866305
    0.05078211
    0.05021643
    0.05599146
    0.05429986
    0.05375412
    0.04994320
    0.06195285
    0.06070339
    0.05646995
    0.04003349
    0.04913832
    0.04176472
    0.04885334
    0.05721779
    0.03979812
    0.02510166
    0.04209049
    0.04382433
    0.03866804
    0.05685525
    0.04584534
    0.06702745
    0.06734686
    0.05685061
    0.05508232
    0.03890310
    0.04343175
    0.02967946
    0.03867053
    0.04445399
    0.05476369
    0.04671242
