           1           2   1.0047703024740839     
           2           3   1.0020521485828959     
           2           4  0.93265125677536376     
           4           5  0.94583336140769791     
           5           6   1.0043149751363101     
           5           7   1.0064621569690479     
           4           8   1.2428594668899033     
           8           9  0.90101804021746945     
           9          10   1.2823342748857713     
          10          11  0.97056591924363744     
          11          12   1.4024439692726187     
          12          13   1.4381261745056371     
          11          14  0.10248815939540772     
          13          14   1.4375500464581885     
          12          15  0.10843354316042460     
          14          15   1.4315882690664559     
          11          16   1.4081907755099983     
          13          16  0.10989657117540401     
          15          16   1.4422011906496444     
           8          17   1.2132840948695427     
          17          18  0.97406629685566937     
          17          19  0.96693364457532083     
          19          20   1.3926649106054965     
          20          21   1.4387230322409643     
          21          22   1.4099576022863989     
          22          23   1.3713071240171770     
          19          24   1.3530637540977224     
          23          24   1.3704066331619624     
          24          25   1.0289992967911066     
          25          26   1.3506849382171937     
          26          27   1.3940957696314651     
          27          28   1.4372082320111033     
          28          29   1.4104638729634515     
          25          30   1.3728446368169041     
          29          30   1.3705548345353646     
          30          31   1.0206758543789991     
          31          32  0.99187521592442029     
          32          33   1.0088262536679082     
          29          34   1.0231298127248449     
          33          34  0.98991623395407835     
           8          35   1.2405907725154655     
          26          35  0.96324725718960591     
          35          36  0.97726630271334436     
          23          37   1.0223161413530635     
          37          38  0.98921696121337499     
          38          39   1.0054260902472711     
          22          40   1.0238883240538696     
          39          40  0.98880701034223950     
           1          41  0.98041648869981790     
           1          42  0.98120354318811964     
           1          43  0.97974338334348976     
           2          44  0.93930167848974888     
           3          45  0.97884910842851169     
           3          46  0.97920666431807812     
           3          47  0.97830557125029993     
           5          48  0.95382585973553713     
           6          49  0.98094490431606429     
           6          50  0.98019971959775676     
           6          51  0.96446001634946554     
           7          52  0.95737094604678330     
           7          53  0.97917861182394250     
           7          54  0.98249035439289334     
          12          55  0.96699255585045063     
          13          56  0.96755580096730698     
          14          57  0.96806585057984929     
          15          58  0.96662589947759769     
          16          59  0.95399295356273095     
          18          60  0.97328933739364554     
          18          61  0.96355480516516612     
          18          62  0.97622142635445375     
          20          63  0.96148947318507949     
          21          64  0.96674643565806573     
          27          65  0.95676115636364323     
          28          66  0.96687881088223926     
          31          67  0.95528778366185363     
          31          68  0.97226900809864403     
          32          69  0.97833267637470422     
          32          70  0.97656598718474363     
          33          71  0.98088624121974610     
          33          72  0.97764289568979701     
          34          73  0.95312036495927210     
          34          74  0.97546097182140090     
          36          75  0.97657953841600609     
          36          76  0.96260035432108804     
          36          77  0.97446343058755369     
          37          78  0.95560574261047293     
          37          79  0.97268106447822777     
          38          80  0.97774980099951403     
          38          81  0.98218505051072114     
          39          82  0.98149613243148870     
          39          83  0.98017976269815899     
          40          84  0.95481614424124406     
          40          85  0.97552253137805534     
