    0.02997289
   -0.24736399
    0.14954581
   -0.06366917
    0.01121570
   -0.01145905
   -0.10663623
   -0.10717565
    0.00217726
   -0.07289514
   -0.07569330
    0.27905072
   -0.13565229
   -0.04569307
    0.08521199
   -0.12375930
   -0.12518771
   -0.12192640
   -0.12751516
   -0.02899931
    0.05349019
   -0.04638626
   -0.03469596
    0.01229741
   -0.03105080
   -0.02167183
   -0.02229754
   -0.03200771
    0.01067135
   -0.00724737
   -0.01293245
    0.05724691
   -0.04789198
   -0.03060888
    0.01216632
   -0.03186444
   -0.02441872
   -0.02440858
   -0.03350628
    0.01288840
   -0.11930226
   -0.03844994
    0.00613064
   -0.01077631
   -0.10307923
   -0.10473699
   -0.08085029
    0.04983412
    0.04631938
    0.07607400
    0.06777670
    0.04101041
    0.04864166
    0.02775099
    0.04830701
    0.04860152
    0.04013181
    0.04762646
    0.05885432
    0.06758396
    0.06879779
    0.05064104
    0.05715247
    0.06569699
    0.04941247
    0.05289030
    0.06566682
    0.05662660
    0.05180207
    0.06888302
    0.05928669
    0.06549535
    0.05241329
    0.03723160
    0.05146545
    0.04798611
    0.05164880
    0.04900542
    0.04016271
    0.04854985
    0.05226391
    0.04538301
    0.04822122
    0.04505430
    0.03544930
    0.07020709
    0.06380537
    0.07266381
    0.03365751
    0.04625102
    0.03916102
    0.04683388
    0.03944321
    0.04634323
    0.03012946
    0.05554948
