           1           2  0.97625567358044918     
           2           3   1.0992913537008424     
           3           4   1.3337478553266342     
           4           5   1.4498280905175294     
           5           6   1.0012273474322753     
           6           7  0.99479167500304266     
           6           8  0.99290249139543874     
           5           9   1.3465993508850607     
           9          10  0.99710095114364117     
          10          11   1.1041922080189788     
          11          12   1.0090411997801232     
          12          13   1.2474073644561510     
          13          14  0.97209905138303554     
          13          15  0.92439501495138499     
          15          16  0.99452956071246745     
          15          17  0.99523681169859224     
          15          18  0.99777759981143432     
          12          19   1.2001415167907801     
          19          20  0.97705239238336739     
          19          21  0.95270258117603068     
          21          22   1.2879505209539486     
          22          23   1.5566701955648374     
          23          24   1.2725510330120093     
          24          25   1.2822760315455677     
          25          26   1.5531029775440439     
          26          27   1.3237801405488341     
          25          28  0.11704154692380407     
          27          28   1.5514187242004092     
          24          29   1.2528881210578651     
          28          29   1.2855544183227599     
          21          30   1.4490712859715984     
          23          30  0.10499203323271361     
          29          30   1.2339439680838631     
          30          31   1.0303517919932603     
          31          32   1.4447512598669319     
          32          33   1.2821222189294312     
          31          34  0.10608136859197827     
          33          34   1.5568301408590646     
          34          35   1.2724590715782744     
          35          36   1.2799973714644031     
          36          37   1.5545703985442489     
          37          38   1.3226101239917774     
          36          39  0.11769867309273276     
          38          39   1.5527230896917439     
          31          40   1.2344591678733390     
          35          40   1.2533857222376001     
          39          40   1.2830264772938538     
          12          41   1.2005869074601352     
          32          41  0.99927376249423105     
          41          42  0.97019394587692598     
           9          43   1.3579857711401717     
          43          44   1.0027985463372444     
          44          45  0.98695189379937509     
          44          46   1.0066491620983984     
           3          47   1.3509024116952417     
          43          47   1.4270768225269836     
           1          48  0.97582310384467519     
           1          49  0.97615601163631349     
           1          50  0.97807008251264715     
           4          51  0.95881693415010216     
           6          52  0.95444536149794668     
           7          53  0.98436540534592820     
           7          54  0.98591148186700095     
           7          55  0.98350726520861531     
           8          56  0.98374595992306468     
           8          57  0.98685512045033574     
           8          58  0.98312994027489320     
          14          59  0.97641986642765199     
          14          60  0.97365929249301519     
          14          61  0.96329034893225085     
          16          62  0.98257087057901549     
          16          63  0.98229937128702094     
          16          64  0.97885704264783424     
          17          65  0.98177247030214732     
          17          66  0.97005477135642004     
          17          67  0.97975464434167514     
          18          68  0.94740007785308822     
          18          69  0.97499833025280536     
          18          70  0.97750745162336872     
          20          71  0.96789247352531504     
          20          72  0.97325942486656414     
          20          73  0.97524421482972734     
          22          74  0.96092475309350367     
          23          75  0.96643133962559558     
          25          76  0.96701442833450602     
          26          77  0.96927126257179974     
          27          78  0.96953009216954711     
          28          79  0.96539517554084509     
          33          80  0.96295220238145274     
          34          81  0.96592778225991116     
          36          82  0.96716245596787109     
          37          83  0.96959525056422791     
          38          84  0.96991086426842399     
          39          85  0.96537627440231732     
          42          86  0.96245699268533591     
          42          87  0.97094546447107821     
          42          88  0.97736172620610451     
          44          89  0.95228336595609864     
          45          90  0.98592393056110750     
          45          91  0.97972156288269441     
          45          92  0.98073229648104210     
          46          93  0.98319314933911395     
          46          94  0.98290139551906541     
          46          95  0.98305312429195402     
          47          96  0.95739583415656304     
