   -0.12351840
    0.04436676
   -0.11690781
   -0.13603338
    0.04621692
   -0.11782895
   -0.11685190
    0.25259514
   -0.05124496
   -0.05014255
    0.04305129
   -0.02992619
   -0.01397723
   -0.01909553
   -0.02037903
   -0.03319563
    0.48733378
   -0.18912951
   -0.20515600
   -0.17794465
   -0.12335801
   -0.03291706
    0.05298659
   -0.04461925
   -0.02446746
   -0.03130748
    0.02085669
   -0.00740967
    0.01865124
   -0.05829132
   -0.06489848
   -0.05879840
   -0.06487667
    0.01431546
   -0.03765261
   -0.02975508
   -0.05439750
    0.05385969
   -0.00978076
   -0.12955440
   -0.02688050
    0.06174310
    0.06097186
    0.05357221
    0.06476745
    0.06841010
    0.05155258
    0.05052169
    0.05528591
    0.05774873
    0.06292989
    0.04522415
    0.04099043
    0.05956412
    0.05708950
    0.07027822
    0.07482059
    0.07577408
    0.07913807
    0.06257721
    0.06347126
    0.05988997
    0.04451329
    0.05951218
    0.05951665
    0.03815104
    0.04859837
    0.05943164
    0.06138866
    0.05010361
    0.03506979
    0.05524845
    0.05898716
    0.05448280
    0.05258384
    0.04121970
    0.06748792
    0.05334692
    0.05009970
