           1           2   1.0027513887710602     
           2           3   1.0077629018340644     
           2           4  0.94157293404249554     
           4           5  0.93722875179833265     
           5           6   1.0006122066948289     
           5           7   1.0053179957676930     
           4           8   1.2480273154728079     
           8           9  0.90786773482817951     
           9          10   1.2537740447717827     
          10          11  0.99157259810442566     
          11          12   1.3890890932319717     
          12          13   1.4500660910785219     
          11          14  0.10041231354933979     
          13          14   1.4247632018119636     
          12          15  0.10608960224742252     
          14          15   1.4454599692739540     
          11          16   1.3784091991055361     
          13          16  0.10241087342133957     
          15          16   1.4024473946057876     
          16          17  0.95280143333762723     
          17          18  0.96818335802670941     
          17          19  0.92502896706327686     
          17          20  0.94045586144518167     
           8          21   1.2437228593385958     
          21          22  0.97506152038703753     
          21          23  0.95624223916520834     
          23          24   1.3556189296632100     
          24          25   1.4431060827152906     
          25          26   1.4191458668113328     
          24          27  0.10248497743475718     
          26          27   1.4365974425846737     
          23          28   1.3972351287452565     
          25          28  0.10002064574768399     
          27          28   1.3474303607977314     
          28          29  0.99039665339140570     
          29          30  0.95899066688560219     
          27          31   1.0163175087595064     
          30          31   1.0019337063499170     
          29          32  0.95513160331118585     
          32          33   1.0033359265744295     
          33          34   1.0157843213157043     
          34          35   1.4421475536893957     
          35          36   1.4152862705319720     
          34          37  0.10566942636104043     
          36          37   1.4585835509029930     
          37          38   1.3704480305877293     
          29          39  0.98992891641605874     
          34          39   1.3478210521154828     
          36          39  0.10228271610147852     
          38          39   1.4051953081445148     
           8          40   1.2216841179539619     
          38          40  0.96047000345323552     
          40          41  0.97272246552602204     
           1          42  0.98032996670203321     
           1          43  0.96512156143521921     
           1          44  0.97977275329548785     
           2          45  0.95392958033549091     
           3          46  0.97883172722694489     
           3          47  0.95780130734600843     
           3          48  0.98145694360928626     
           5          49  0.94057716068270147     
           6          50  0.97868015780857154     
           6          51  0.97913007710407562     
           6          52  0.97767559196055509     
           7          53  0.98028631473709471     
           7          54  0.98049554654064330     
           7          55  0.98182072701101542     
          12          56  0.96322756325161818     
          13          57  0.96494899434750103     
          14          58  0.96581814416173106     
          15          59  0.96260111400547288     
          22          60  0.96398400845749577     
          22          61  0.97428118512896034     
          22          62  0.97739305829030476     
          24          63  0.95735621085744715     
          25          64  0.96764659614723936     
          26          65  0.96657578862814064     
          30          66  0.97848352382014692     
          30          67  0.97790838475617847     
          31          68  0.95619174804655993     
          31          69  0.96446400341734906     
          32          70  0.97696947996724537     
          32          71  0.97837595274915545     
          33          72  0.96624832682133710     
          33          73  0.95603920791220998     
          35          74  0.96723069015132457     
          36          75  0.96876007271221121     
          37          76  0.96170239281004899     
          41          77  0.97565837741099459     
          41          78  0.96506576402494160     
          41          79  0.97290231199900346     
