   -0.11488525
    0.02343452
   -0.05356747
    0.01597924
   -0.11374212
    0.00868616
   -0.02817425
   -0.08187514
    0.57154875
   -0.17251591
    0.04509369
   -0.12598715
   -0.12391323
    0.05140548
   -0.12463937
   -0.12274432
   -0.27081267
    0.12450989
   -0.05508429
   -0.02823064
   -0.03768889
    0.01654851
   -0.01443993
    0.02433132
   -0.06046479
   -0.06611158
   -0.06133558
   -0.06801638
    0.01635442
   -0.03593228
   -0.02552445
   -0.05299423
    0.11983993
   -0.01401165
   -0.25802677
    0.01666146
   -0.11043088
   -0.05493998
    0.05362298
    0.04987180
    0.06645164
    0.04659054
    0.05140945
    0.05899272
    0.05991953
    0.06801903
    0.06875134
    0.05169436
    0.05365058
    0.05608982
    0.06749294
    0.05226290
    0.04415552
    0.06895514
    0.05907111
    0.04704345
    0.06074243
    0.06577535
    0.05614939
    0.06102647
    0.06411142
    0.06411810
    0.04263365
    0.05357696
    0.06241698
    0.06373778
    0.04177719
    0.05203817
    0.06374495
    0.06417922
    0.06378635
    0.06690700
    0.05969239
    0.06555762
    0.04725868
    0.05135745
    0.04706349
