           1           2   1.0305904194239983     
           2           3   1.4054255953660737     
           3           4   1.4144924050435985     
           4           5   1.0329743888348644     
           4           6   1.3680425759127135     
           6           7  0.98796199151281217     
           7           8   1.1544803882323922     
           8           9  0.98200822853837610     
           9          10   1.2304120810620338     
          10          11  0.93785576777202073     
          11          12   1.0067351033303273     
          11          13   1.0066994073277131     
          10          14  0.93944443225614904     
          14          15   1.0059434482930631     
          14          16   1.0035899432408795     
           9          17   1.2840369830369049     
          17          18  0.87417523115853479     
          18          19   1.3838374808324299     
          19          20   1.4502897910141304     
          20          21   1.4208079370721052     
          19          22  0.10643014416358941     
          21          22   1.4393344549113445     
          18          23   1.4042444124645710     
          20          23  0.10484311645966923     
          22          23   1.3463938956851051     
          23          24  0.98995627769831473     
          24          25  0.95647626134006214     
          22          26   1.0167854423053295     
          25          26   1.0023464217636633     
          24          27  0.95596957553802475     
          27          28   1.0022104101343108     
          28          29   1.0168218890463854     
          29          30   1.4403676958392466     
          30          31   1.4187111456494734     
          29          32  0.10687689922169463     
          31          32   1.4496039504936316     
          32          33   1.3821343118893079     
          24          34  0.99142034708223759     
          29          34   1.3446576774886265     
          31          34  0.10378962391985293     
          33          34   1.4063585902410634     
           9          35   1.2970356550726592     
          33          35  0.87744033355864592     
           6          36   1.3641699671728149     
          36          37   1.0310308163895661     
           2          38   1.3998674536095070     
          36          38   1.4175263476451330     
           1          39  0.97493683578062451     
           1          40  0.98254629724796949     
           1          41  0.96034462344429383     
           3          42  0.96434406331656752     
           5          43  0.95768356215899875     
           5          44  0.97815704924264746     
           5          45  0.97284029120509596     
          11          46  0.95498950325186627     
          12          47  0.97949688096702148     
          12          48  0.97903323938304643     
          12          49  0.97497302208640013     
          13          50  0.97882123054982118     
          13          51  0.97958343533691405     
          13          52  0.98402993532636018     
          14          53  0.94619334726115789     
          15          54  0.97920216627572332     
          15          55  0.98106212835820428     
          15          56  0.97827113045575231     
          16          57  0.97943976387250187     
          16          58  0.98006253142775901     
          16          59  0.98083012882726084     
          19          60  0.96128743973574882     
          20          61  0.96777664787635032     
          21          62  0.96603609796620526     
          25          63  0.97852537059243971     
          25          64  0.97684785913756289     
          26          65  0.96493816798401855     
          26          66  0.95494816382312708     
          27          67  0.97397651222252768     
          27          68  0.97704979394907654     
          28          69  0.96231924879658493     
          28          70  0.95459027131595797     
          30          71  0.96608015370412970     
          31          72  0.96728092378756647     
          32          73  0.96273704647337077     
          37          74  0.96084262647414131     
          37          75  0.97377433984942630     
          37          76  0.97783991466019260     
          38          77  0.96512389262838583     
