   -0.12278481
    0.04633489
   -0.12372885
   -0.16144468
    0.04288173
   -0.11999437
   -0.11840696
    0.51358727
   -0.03970705
   -0.03465428
    0.03690095
   -0.03091046
   -0.02286045
   -0.02345323
   -0.02293709
   -0.03055960
   -0.25831068
    0.11637847
   -0.00736386
    0.00809753
   -0.03218136
   -0.02785008
   -0.02546649
   -0.02534433
   -0.03212160
   -0.03916995
    0.01206136
   -0.03022661
   -0.02180555
   -0.02285585
   -0.03112326
    0.00868595
   -0.01159786
   -0.01325316
    0.12278974
   -0.00497254
    0.00987647
   -0.03326529
   -0.02562178
   -0.02492573
   -0.02737623
   -0.03118403
   -0.04016092
    0.01288921
   -0.02920488
   -0.02064582
   -0.02157016
   -0.02993973
    0.01073153
   -0.25816188
    0.05737473
    0.06122620
    0.05213797
    0.06204799
    0.06956066
    0.05376198
    0.06061335
    0.06272367
    0.05831466
    0.06653853
    0.05854113
    0.03976692
    0.06782283
    0.05842421
    0.04976035
    0.05433426
    0.05366903
    0.05399779
    0.05028528
    0.03581993
    0.04231710
    0.04834087
    0.04860445
    0.03970561
    0.06253446
    0.05235902
    0.05472477
    0.05156206
    0.04262611
    0.03892715
    0.04586167
    0.04633554
    0.04265767
    0.03074169
    0.06351061
    0.05211492
    0.05474980
    0.05153420
    0.03999717
