           1           2   1.0045353657237703     
           2           3   1.0078865813728963     
           2           4  0.94088206260082641     
           4           5  0.93688420995687327     
           5           6   1.0035146601442482     
           5           7   1.0064720242033074     
           4           8   1.2278386277815792     
           4           9  0.10123434381761880     
           8           9  0.88218509652153920     
           9          10   1.2678015379504719     
          10          11  0.97255053648595902     
          11          12   1.4080501251171331     
          12          13   1.4350735552277250     
          11          14  0.10305956308050337     
          13          14   1.4407584195125356     
          12          15  0.10768152804450162     
          14          15   1.4301712384956644     
          11          16   1.4037856922639471     
          13          16  0.11007763509144104     
          15          16   1.4457726979896985     
           8          17   1.3026724104953500     
          17          18  0.88774184091678421     
          18          19   1.2562701709515500     
          19          20   1.0334013757798624     
          20          21   1.3904978373386485     
          21          22   1.4463448438005022     
          20          23  0.10568196594562472     
          22          23   1.4363276348687362     
          21          24  0.10901475285028192     
          23          24   1.4352642357760106     
          20          25   1.3852953201883786     
          22          25  0.10827309225201220     
          24          25   1.4464167490847188     
          19          26   1.4902455796140870     
          26          27   1.2870122052476256     
          27          28   1.2747526610271840     
          28          29   1.5561693143671906     
          29          30   1.3216323879841450     
          28          31  0.11674985655290597     
          30          31   1.5495252907731811     
          27          32   1.2493137554191918     
          31          32   1.2873698389938548     
          18          33   1.4697332588735441     
          26          33  0.10392181041024133     
          32          33   1.2264476424163961     
          33          34   1.0317304420258839     
          34          35   1.4734830996109483     
          35          36   1.2528346604778331     
          36          37   1.0423309409919983     
          37          38   1.3814491337324697     
          38          39   1.4529363337318038     
          37          40  0.10487111973904657     
          39          40   1.4323584709406951     
          38          41  0.10841952395553317     
          40          41   1.4367576549671315     
          37          42   1.3873901790650611     
          39          42  0.10759186014979882     
          41          42   1.4468894404910957     
          34          43  0.10278295278326595     
          36          43   1.4847434358138063     
          43          44   1.2870419636490844     
          44          45   1.2755164387171427     
          45          46   1.5562228020507392     
          46          47   1.3222639928810618     
          45          48  0.11651835257936016     
          47          48   1.5490191973635690     
          34          49   1.2237366136087489     
          44          49   1.2497114952490231     
          48          49   1.2877335336854232     
           8          50   1.3076766087625822     
          35          50  0.87615454395999404     
           1          51  0.98293323869180949     
           1          52  0.97996655092182994     
           1          53  0.97227659271315403     
           2          54  0.95588666602423800     
           3          55  0.97721178303706968     
           3          56  0.97272989423655887     
           3          57  0.95915291729696039     
           5          58  0.95009244719416130     
           6          59  0.98010739582303330     
           6          60  0.97857064281286887     
           6          61  0.98267654335718757     
           7          62  0.96600459183748488     
           7          63  0.97920567145958959     
           7          64  0.98035284224590014     
          12          65  0.96643617700394757     
          13          66  0.96767856991410961     
          14          67  0.96838657028429087     
          15          68  0.96737232660824701     
          16          69  0.95387295019068574     
          21          70  0.96829980854372733     
          22          71  0.96969035002780557     
          23          72  0.97010605145916351     
          24          73  0.96908825523843545     
          25          74  0.96355275574014820     
          26          75  0.96370482659273426     
          28          76  0.96644648575251191     
          29          77  0.96874885998558358     
          30          78  0.96924242382306747     
          31          79  0.96419136730924160     
          38          80  0.96795108618436465     
          39          81  0.96959858601414217     
          40          82  0.97033554784523612     
          41          83  0.96977224795033323     
          42          84  0.96582285567267356     
          43          85  0.96187347498774001     
          45          86  0.96664657524974540     
          46          87  0.96885154888553782     
          47          88  0.96924465933879678     
          48          89  0.96538854184690492     
