   -0.03964051
   -0.12303178
    0.05261022
   -0.04487890
   -0.03055402
    0.01396900
   -0.02965641
   -0.02245405
   -0.02354649
   -0.03290371
    0.01248992
   -0.00681732
   -0.01014049
    0.05226337
   -0.05212576
   -0.03355839
    0.01224415
   -0.03062439
   -0.02232817
   -0.02250095
   -0.03254257
    0.01193164
   -0.12836182
   -0.03107865
    0.28475541
   -0.04409167
   -0.05584207
    0.03755567
   -0.03213045
   -0.02370170
   -0.02303042
   -0.02362165
   -0.03181753
   -0.14299419
    0.03598797
   -0.06853234
   -0.06637191
   -0.06269234
   -0.06843143
    0.04503859
   -0.06523001
   -0.06187143
   -0.06127346
   -0.06880098
    0.07174489
    0.06870961
    0.05826431
    0.04189957
    0.05541433
    0.04907093
    0.05055987
    0.04628203
    0.03699342
    0.03855298
    0.05206592
    0.04750662
    0.05055896
    0.04771338
    0.03820997
    0.06842351
    0.06044770
    0.05357319
    0.05156893
    0.05705797
    0.05737727
    0.05320703
    0.04690843
    0.06647905
    0.04069137
    0.04755166
    0.04855573
    0.05389222
    0.04896598
    0.05203093
    0.04299122
    0.04577584
    0.04573714
    0.03513757
    0.04876332
    0.04504530
    0.05196153
    0.05173558
    0.04245988
    0.04705162
    0.04139525
