           1           2  0.97276739822323088     
           2           3  0.96235074686189459     
           3           4   1.2879309296266617     
           4           5   1.5561536666157301     
           5           6   1.2723454743417371     
           6           7   1.2809350776069848     
           7           8   1.5543483080470260     
           8           9   1.3232325337139055     
           7          10  0.11726316612135618     
           9          10   1.5510985594448823     
           6          11   1.2541652491665687     
          10          11   1.2826206040923915     
           3          12   1.4568119870586256     
           5          12  0.10489439818292710     
          11          12   1.2326020628294070     
          12          13   1.0316475555374152     
          13          14   1.4548732692563497     
          14          15   1.2828162495470703     
          13          16  0.10579779953021592     
          15          16   1.5564791776880629     
          16          17   1.2740221476565849     
          17          18   1.2803251595635128     
          18          19   1.5547356234583583     
          19          20   1.3230188483175873     
          18          21  0.11749166366750415     
          20          21   1.5523359069476117     
          13          22   1.2325983482311591     
          17          22   1.2540724724483054     
          21          22   1.2848962726271866     
          14          23  0.97717720443281542     
          23          24  0.97267456619372228     
           2          25   1.2247975183280742     
          23          25   1.2052028782710749     
          25          26  0.98487770454615375     
          26          27   1.1638668354336812     
          27          28  0.98000086021051913     
          28          29   1.4034485226301803     
          29          30   1.4436196144754110     
          28          31  0.10237992030552978     
          30          31   1.4325484925321421     
          29          32  0.10961113116458962     
          31          32   1.4387067806223699     
          28          33   1.4033566624304710     
          30          33  0.10843158176514449     
          32          33   1.4387092431036799     
          25          34   1.2530363988158228     
          34          35  0.95031701082360487     
          35          36  0.98465185197710747     
          36          37   1.0033250941841658     
          37          38   1.0062733507184496     
          35          39  0.98701330450664204     
          38          39   1.0063588620477320     
          34          40  0.93895531308969771     
          40          41  0.98594047501253068     
          41          42   1.0050648223266732     
          42          43   1.0075053916225305     
          40          44  0.98036476304647990     
          43          44   1.0042993246152667     
           1          45  0.97607334732641737     
           1          46  0.96509370136597328     
           1          47  0.97425191870633976     
           4          48  0.96263689032866151     
           5          49  0.96608416340660108     
           7          50  0.96694126313028894     
           8          51  0.96937015861065612     
           9          52  0.96978250538274902     
          10          53  0.96560274768381726     
          15          54  0.96182111812929527     
          16          55  0.96620290085766014     
          18          56  0.96704267018656298     
          19          57  0.96936291812630704     
          20          58  0.96967506270805870     
          21          59  0.96508989485802821     
          24          60  0.97800157921719855     
          24          61  0.96142599939887452     
          24          62  0.97235356209078361     
          29          63  0.96608694902647785     
          30          64  0.96746204992655127     
          31          65  0.96885472985888221     
          32          66  0.96792936639467209     
          33          67  0.96382383300086294     
          35          68  0.95710089517676655     
          36          69  0.95502725839817393     
          36          70  0.97974797346410858     
          37          71  0.97668795955272969     
          37          72  0.97904332600642285     
          38          73  0.97752248221379945     
          38          74  0.97721400283015158     
          39          75  0.97450600483680483     
          39          76  0.95824084387281294     
          40          77  0.94418380171719019     
          41          78  0.97336425138577543     
          41          79  0.97132719972546755     
          42          80  0.97883767055591009     
          42          81  0.97710072961885186     
          43          82  0.97792155079859844     
          43          83  0.97803705493122173     
          44          84  0.97909385931270698     
          44          85  0.97139132770541925     
