    0.05045297
    0.02906112
    0.07427267
    0.05490098
   -0.25725183
    0.12895525
   -0.07778470
    0.01324538
   -0.03151620
   -0.02045178
   -0.02356420
   -0.02878341
    0.00482131
   -0.00824992
    0.10798671
   -0.26012311
    0.49847436
   -0.03229399
   -0.07584575
    0.00828856
    0.01881881
   -0.10687824
   -0.07970453
    0.15213830
   -0.24428388
    0.02901192
   -0.06753522
    0.02123279
   -0.11166022
   -0.16938588
    0.05406330
   -0.11908486
   -0.12039506
    0.04944409
   -0.12197961
   -0.11804731
   -0.24630440
    0.10708017
    0.12906345
   -0.25231945
    0.02712072
    0.07622470
    0.05819147
    0.05622265
   -0.07398557
    0.01450107
   -0.03076714
   -0.02106393
   -0.02464188
   -0.03008612
    0.00546904
   -0.00796329
    0.06290157
    0.04976179
    0.05438662
    0.05188217
    0.04467523
    0.05062166
    0.05125263
    0.05160274
    0.05046737
    0.05014264
    0.04760421
    0.07637799
    0.06761070
    0.06549129
    0.06710434
    0.06272445
    0.05330750
    0.05983406
    0.06488324
    0.04867984
    0.06313975
    0.05914093
    0.05754230
    0.06116238
    0.04934079
    0.05923624
    0.06556552
    0.05883947
    0.06381588
    0.05660306
    0.06629797
    0.05159704
    0.05439669
    0.05072799
    0.04419163
