           1           2  0.97592966786219248     
           2           3  0.97794724436294889     
           2           4  0.97624177187280270     
           2           5  0.97314212099660624     
           5           6   1.0781017610536412     
           6           7   1.4622790499922935     
           7           8   1.2779628415009292     
           8           9   1.2810606759716894     
           9          10   1.5527966832948847     
          10          11   1.3242749441651114     
           9          12  0.11656011796285594     
          11          12   1.5485898040056878     
           8          13   1.2509476819834955     
          12          13   1.2880838666915457     
          13          14   1.2246043558292676     
           6          15   1.2240268562582259     
          14          15   1.4778738209257456     
          15          16  0.89436232701826435     
          16          17   1.2752840430689041     
          17          18  0.94758984798264234     
          18          19   1.2084101607225832     
          19          20  0.98628145826242630     
          20          21   1.3723397171204177     
          21          22   1.0288465370340412     
          21          23   1.4212299482793731     
          23          24   1.3548352018145493     
          24          25   1.1027183639328337     
          25          26  0.97582165503231189     
          24          27   1.3281414761354564     
          20          28   1.3401561276935094     
          27          28   1.4541075352273505     
          28          29   1.0324999169866080     
          17          30   1.2411892611726905     
          30          31  0.94121025287223248     
          31          32   1.0061704032534515     
          31          33   1.0013193299980860     
          30          34  0.93469031739807273     
          34          35   1.0056637445543042     
          34          36   1.0059196220829443     
          17          37   1.2930621788001289     
          37          38  0.89777645628661329     
          38          39   1.2255514544087136     
          39          40   1.0742423249221511     
          40          41  0.96860364197685800     
          41          42  0.97834574458885848     
          41          43  0.97648281612040289     
          41          44  0.97613101794282242     
          39          45   1.4637759661537177     
          45          46   1.2771494174404101     
          46          47   1.2812750733915077     
          47          48   1.5526998523487199     
          48          49   1.3245646710365764     
          47          50  0.11644904946967108     
          49          50   1.5478839437409695     
          46          51   1.2506352780602903     
          50          51   1.2886263720521483     
          14          52   1.0312378769294179     
          38          52   1.4793129657314217     
          51          52   1.2234635083605911     
           7          53  0.96035791969582995     
           9          54  0.96682315226889082     
          10          55  0.96901898832236721     
          11          56  0.96928738224007605     
          12          57  0.96495392249742595     
          22          58  0.98332684825505101     
          22          59  0.96338514715191004     
          22          60  0.97016564989325782     
          23          61  0.96129196344373269     
          26          62  0.97594264099281913     
          26          63  0.97616019030380330     
          26          64  0.97814321075563648     
          27          65  0.96234226305647019     
          29          66  0.98061437235863558     
          29          67  0.96557941575326156     
          29          68  0.93782296540859411     
          31          69  0.93881283642756486     
          32          70  0.97789945241161091     
          32          71  0.97982610568038209     
          32          72  0.96724699987979557     
          33          73  0.97955193829005005     
          33          74  0.98107779145074392     
          33          75  0.98175103355401228     
          34          76  0.95472437014392852     
          35          77  0.96072181793841316     
          35          78  0.98026027222156364     
          35          79  0.98008036113542019     
          36          80  0.98246386394938212     
          36          81  0.97876534040106411     
          36          82  0.97889597081967428     
          45          83  0.96037740780893910     
          47          84  0.96659359273973400     
          48          85  0.96898221301023058     
          49          86  0.96941779392099503     
          50          87  0.96474509679850406     
