   -0.12618438
    0.04331322
   -0.12421349
   -0.16307710
    0.04398183
   -0.12239763
   -0.12370115
    0.51914550
   -0.03283965
   -0.02700790
    0.03753461
   -0.03034152
   -0.02278621
   -0.02414558
   -0.02298317
   -0.03034457
   -0.26771751
    0.11937648
   -0.00905532
    0.01985169
   -0.02939383
   -0.02285082
   -0.02073359
    0.48687915
   -0.19801362
   -0.21229790
   -0.19745455
   -0.02258353
   -0.03136827
   -0.03474339
   -0.03813760
    0.01528193
   -0.01604881
    0.02572830
   -0.06040002
   -0.06620100
   -0.06116504
   -0.06723868
    0.01288957
   -0.03777389
   -0.03246202
   -0.01097998
    0.01816907
   -0.02952720
   -0.02099486
   -0.01973430
    0.48675758
   -0.19755667
   -0.19520562
   -0.21355466
   -0.02030858
   -0.02581213
    0.11467961
   -0.01600137
   -0.25235267
    0.05727162
    0.06697497
    0.05845701
    0.07214658
    0.05884866
    0.07569009
    0.04128632
    0.04856717
    0.06312864
    0.06572692
    0.05163539
    0.06128251
    0.06909686
    0.04555141
    0.04956143
    0.05613553
    0.05629037
    0.05640829
    0.04873580
    0.05261883
    0.07011187
    0.07075038
    0.06042762
    0.06835755
    0.06698225
    0.04365265
    0.05402911
    0.06537967
    0.06518523
    0.05555398
    0.03854778
    0.05986586
    0.06760578
    0.06523563
    0.06724340
    0.05956033
    0.07600926
    0.07063790
    0.05355054
