           1           2   1.0065142488936467     
           2           3   1.0081455979180480     
           2           4  0.93784310494310696     
           4           5  0.94015805405181030     
           5           6   1.0032668983708020     
           5           7   1.0058476463713970     
           4           8   1.2354124030142632     
           8           9  0.88909661775379845     
           9          10   1.2719217695888596     
          10          11  0.97165350106667481     
          11          12   1.4065771745354647     
          12          13   1.4437632269061700     
          11          14  0.10261181859731874     
          13          14   1.4300629076492297     
          12          15  0.11016095241754174     
          14          15   1.4386835317171480     
          11          16   1.4058316560244923     
          13          16  0.10800364961952384     
          15          16   1.4357014068720029     
           8          17   1.3019235239200859     
          17          18  0.87372577865107492     
          18          19   1.3314749035528062     
          19          20   1.0513668665201297     
          20          21   1.3784010161663862     
          21          22   1.4524632363282852     
          22          23   1.4099803811522702     
          23          24  0.94888101555417770     
          24          25  0.95668230523107567     
          24          26  0.93238529432137685     
          24          27  0.95669069142290275     
          21          28  0.10654224691883983     
          23          28   1.4072307926285270     
          20          29   1.3783440348136093     
          22          29  0.10701563532286354     
          28          29   1.4556004393511968     
          19          30   1.3931780029339433     
          30          31   1.4336756978586602     
          31          32   1.4294453841961108     
          18          33   1.4112141513228889     
          32          33   1.3426863456113058     
          33          34  0.98755951558192523     
          34          35  0.95654156201892870     
          32          36   1.0175119166913307     
          35          36   1.0024176821573907     
          34          37  0.95364490744508879     
          37          38   1.0025141423519917     
          38          39   1.0176793184745161     
          39          40   1.4315599624592059     
          40          41   1.4286071355575847     
          39          42  0.10036351811976567     
          41          42   1.4030831182407932     
          42          43   1.0306284334757323     
          43          44   1.3937746068064838     
          44          45   1.4422394266690999     
          43          46  0.10190191953910430     
          45          46   1.4170424490392142     
          46          47  0.94863971543958103     
          47          48  0.95461151566618629     
          47          49  0.96071367925425144     
          47          50  0.93131303460084303     
          44          51  0.10879936741692477     
          46          51   1.4059480971630762     
          43          52   1.3849050919350605     
          45          52  0.10896874284403102     
          51          52   1.4529319852238058     
          42          53   1.3348900044562484     
          34          54  0.99198407740547179     
          39          54   1.3448506026372202     
          41          54  0.10025439648789861     
          53          54   1.4071561120675682     
           8          55   1.2928762518148349     
          53          55  0.89314955868467205     
           1          56  0.97715420308477818     
           1          57  0.97959448976011188     
           1          58  0.98325136624834708     
           2          59  0.95248009397893840     
           3          60  0.97575944437616935     
           3          61  0.97640200832657820     
           3          62  0.95387158700786645     
           5          63  0.93938963245077223     
           6          64  0.97777078485263691     
           6          65  0.97669063506153675     
           6          66  0.98393811559511213     
           7          67  0.98050957579239906     
           7          68  0.97875407646392387     
           7          69  0.97458089503878920     
          12          70  0.95396820344407685     
          13          71  0.96705757420526817     
          14          72  0.96842438631682515     
          15          73  0.96744989313976393     
          16          74  0.96614182606779697     
          21          75  0.96345484451903096     
          22          76  0.96505353197578791     
          28          77  0.96525964090874816     
          29          78  0.96419999756690122     
          30          79  0.96278775923236048     
          31          80  0.96470868484463534     
          35          81  0.97833744332931172     
          35          82  0.97694075922543899     
          36          83  0.95462028470624682     
          36          84  0.96258846354798100     
          37          85  0.97653136445920552     
          37          86  0.97664045872183258     
          38          87  0.96161010832527727     
          38          88  0.95328167198630775     
          40          89  0.96460556788083662     
          41          90  0.96561202370966459     
          44          91  0.95971701409927679     
          45          92  0.96414284812435780     
          51          93  0.96517043104319433     
          52          94  0.96662086823126336     
