   -0.11754495
    0.02798245
   -0.03636720
   -0.03402356
    0.03236067
   -0.05767822
   -0.08187762
    0.26136638
   -0.13796446
    0.04908620
   -0.12176367
   -0.11661345
    0.08743887
   -0.12214476
   -0.12929599
   -0.13001883
   -0.11333782
   -0.03880814
    0.05159679
   -0.04288712
   -0.02943512
    0.01516040
   -0.02915440
   -0.02215683
   -0.02341520
   -0.03211517
    0.01316743
   -0.00509878
   -0.00781395
    0.05251284
   -0.05104475
   -0.03323271
    0.01308693
   -0.03053701
   -0.02205204
   -0.02256687
   -0.03274426
    0.01173950
   -0.12403779
   -0.03120304
   -0.03566031
   -0.03677623
    0.05705056
    0.05527377
    0.06780111
    0.05340308
    0.04886180
    0.05478983
    0.05738827
    0.04626387
    0.06467005
    0.05628788
    0.05628749
    0.04644054
    0.06485195
    0.05421074
    0.05540195
    0.06049442
    0.05785493
    0.07042581
    0.05808388
    0.06452740
    0.05550560
    0.06860532
    0.06524911
    0.06276788
    0.04266102
    0.05602420
    0.04941889
    0.05061275
    0.04613185
    0.03705295
    0.03806378
    0.05198671
    0.04772463
    0.05073454
    0.04780099
    0.03850628
    0.06177000
    0.05568015
    0.06395916
    0.04334306
    0.04990358
