           1           2   1.0337471924321446     
           2           3   1.3962794681427333     
           3           4   1.4542919856780512     
           4           5   1.3973156804094484     
           5           6  0.98414650807005322     
           6           7   1.1806346581443241     
           7           8  0.92442909891290692     
           8           9   1.2588485439285499     
           9          10  0.93487600267176241     
          10          11  0.99990185557910793     
          10          12   1.0053593770582641     
           9          13  0.91913856588425435     
          13          14  0.99498990272071475     
          13          15  0.99601193134995081     
          13          16  0.99501635097892205     
           8          17   1.2487922898640840     
          17          18  0.97242669220773847     
          17          19  0.95893264679748758     
          19          20   1.2914681319765655     
          20          21   1.5529856638848978     
          21          22   1.2732226355195368     
          22          23   1.2807042145900129     
          23          24   1.5546947587023459     
          24          25   1.3230216844332843     
          23          26  0.11720923405095723     
          25          26   1.5507235505932537     
          22          27   1.2534992751841183     
          26          27   1.2829821222289450     
          19          28   1.4568467755552952     
          21          28  0.10608426792740100     
          27          28   1.2339735341641977     
          28          29   1.0330223971422623     
          29          30   1.4582301170197891     
          30          31   1.2850801833896586     
          29          32  0.10560855677174701     
          31          32   1.5562353498833867     
          32          33   1.2739302853869272     
          33          34   1.2803471085246825     
          34          35   1.5546100004072920     
          35          36   1.3232152752670006     
          34          37  0.11748329252641194     
          36          37   1.5520537528012219     
          29          38   1.2314731530383782     
          33          38   1.2544536139745905     
          37          38   1.2852619594277683     
           8          39   1.2210128798069282     
          30          39  0.97369347787764116     
          39          40  0.97403520635794238     
           3          41  0.10396347264641966     
           5          41   1.3944342247538555     
           2          42   1.4024509195775150     
           4          42  0.10433311464606598     
          41          42   1.4482178218661812     
           1          43  0.97779565702723348     
           1          44  0.98026873728359631     
           1          45  0.95833248853325981     
           3          46  0.96629987023780162     
           4          47  0.96587574137663756     
          10          48  0.93453746886030664     
          11          49  0.98045841031794856     
          11          50  0.97926083241498163     
          11          51  0.97960881851242509     
          12          52  0.98035530301432439     
          12          53  0.97629173623470855     
          12          54  0.97931400451770168     
          14          55  0.97769643111848537     
          14          56  0.98095466268704623     
          14          57  0.97557687568387552     
          15          58  0.94067077465691806     
          15          59  0.97862458411652820     
          15          60  0.97750117730840480     
          16          61  0.97875157078398045     
          16          62  0.97918492025873760     
          16          63  0.96109568491974118     
          18          64  0.96464960818638745     
          18          65  0.97575324998772228     
          18          66  0.97633372027426568     
          20          67  0.96428614264202084     
          21          68  0.96600109767023823     
          23          69  0.96690644033858941     
          24          70  0.96936390649094850     
          25          71  0.96979884344250789     
          26          72  0.96563237803697288     
          31          73  0.96159340808508031     
          32          74  0.96622409488624572     
          34          75  0.96700568733772130     
          35          76  0.96933251937527531     
          36          77  0.96965934325177572     
          37          78  0.96480118647138391     
          40          79  0.96233615722277832     
          40          80  0.97147426987651841     
          40          81  0.97635528941893746     
          41          82  0.96419552356304505     
          42          83  0.96644689884565638     
