   -0.11673075
    0.05708054
   -0.11941827
   -0.13875679
    0.04070800
   -0.06848809
   -0.05777199
   -0.06556329
    0.01182841
   -0.03749804
   -0.02647507
   -0.03086288
   -0.03486441
   -0.00516267
    0.27552544
   -0.04105200
   -0.04157594
    0.03984720
   -0.03019476
   -0.01630194
   -0.01873028
   -0.02022051
   -0.02980749
    0.49081805
   -0.19204674
   -0.21830592
   -0.19382602
   -0.12152733
   -0.03877081
    0.05274515
   -0.04517998
   -0.03086640
    0.01290155
   -0.03021199
   -0.02354879
   -0.02490378
   -0.03460730
    0.01096932
   -0.00804060
   -0.00760137
    0.05011999
   -0.05068698
   -0.03322157
    0.01353785
   -0.03032581
   -0.02164328
   -0.02222236
   -0.03220411
    0.01246859
   -0.12101721
   -0.03068927
    0.06386251
    0.04301240
    0.06646034
    0.04548418
    0.05644725
    0.04614016
    0.06344469
    0.06768555
    0.03513322
    0.05219915
    0.04560584
    0.04843264
    0.05465919
    0.04665352
    0.04603214
    0.04868625
    0.04341065
    0.02646864
    0.06438059
    0.07005456
    0.07541749
    0.08195981
    0.05684098
    0.07458236
    0.06732832
    0.04479234
    0.05677608
    0.04996242
    0.05084724
    0.04603624
    0.03721339
    0.04296200
    0.05353501
    0.04861669
    0.05173623
    0.04876970
    0.03965362
    0.06198222
    0.05627477
    0.06283230
