           1           2   1.0051578031774506     
           2           3   1.0025413409875552     
           2           4  0.93066044495932210     
           4           5  0.93014691610685862     
           5           6  0.98624026809786125     
           6           7   1.0058646519270180     
           7           8   1.0039278216137435     
           8           9   1.0134274769734564     
           9          10   1.4040301033578511     
          10          11   1.4549030218750481     
           9          12  0.10439631995612422     
          11          12   1.4218072042652061     
          10          13  0.11032600304195092     
          12          13   1.4568458615154565     
           5          14  0.98940391607350664     
           9          14   1.3913974883391629     
          11          14  0.10653766165237510     
          13          14   1.3988004798198228     
           4          15   1.2720491425314404     
          15          16  0.99389954930398272     
          16          17   1.1477619379449535     
          17          18   1.0014603657775489     
          18          19   1.3916086631674820     
          19          20   1.4458377534942142     
          18          21  0.10093396820680814     
          20          21   1.4295162519328444     
          19          22  0.10547648986627146     
          21          22   1.4399345799270189     
          18          23   1.3783021255367840     
          20          23  0.10342069318357500     
          22          23   1.4103200233119497     
          23          24  0.94925034542158016     
          24          25  0.96376912587170416     
          24          26  0.92389095771423257     
          24          27  0.95601470533160504     
          15          28   1.2151640890403570     
          28          29  0.97269398408831875     
          28          30  0.96578108414323627     
          30          31   1.2880012707207780     
          31          32   1.5545340623644694     
          32          33   1.2730155425039333     
          33          34   1.2805822787615078     
          34          35   1.5548094336655143     
          35          36   1.3227111644385461     
          34          37  0.11752989652517533     
          36          37   1.5518354757297366     
          33          38   1.2535453067005249     
          37          38   1.2816929169359179     
          30          39   1.4528463171843999     
          32          39  0.10543549801699542     
          38          39   1.2343345557224610     
          39          40   1.0330963164205493     
          40          41   1.4624409668279028     
          41          42   1.2860945662647199     
          40          43  0.10529715504366105     
          42          43   1.5575600590749312     
          43          44   1.2731596422117597     
          44          45   1.2810940932915187     
          45          46   1.5539645198015617     
          46          47   1.3237955704615778     
          45          48  0.11738669817097011     
          47          48   1.5513496138627016     
          40          49   1.2301060096755834     
          44          49   1.2544115112304612     
          48          49   1.2861268920816926     
          15          50   1.2388381823891277     
          41          50  0.96341554430505194     
          50          51  0.97341908615041506     
           1          52  0.97749903814738470     
           1          53  0.97631517508655818     
           1          54  0.97691630968666798     
           2          55  0.93866127553395429     
           3          56  0.98078958089387647     
           3          57  0.97579956417008706     
           3          58  0.97987753939190891     
           5          59  0.90877370345638520     
           6          60  0.97386529962642610     
           6          61  0.96586344796439594     
           7          62  0.97696411334976718     
           7          63  0.97499276060012940     
           8          64  0.96896443083063233     
           8          65  0.95576467820092859     
          10          66  0.96760711224607798     
          11          67  0.96971586092407513     
          12          68  0.96998800361411064     
          13          69  0.96293418768060535     
          19          70  0.96026261298373661     
          20          71  0.96568261304360958     
          21          72  0.96596114028374080     
          22          73  0.96217625324560574     
          29          74  0.97430646128161036     
          29          75  0.97656522937628465     
          29          76  0.96482802768888587     
          31          77  0.96293185212106525     
          32          78  0.96592045907607815     
          34          79  0.96687224692941953     
          35          80  0.96934682138043138     
          36          81  0.96978698185424117     
          37          82  0.96583164861199788     
          42          83  0.96190864419605293     
          43          84  0.96600847396503919     
          45          85  0.96691341764570793     
          46          86  0.96923411143510840     
          47          87  0.96957809981343490     
          48          88  0.96483168316023749     
          51          89  0.97043781470974455     
          51          90  0.97678231997023701     
          51          91  0.96297488581249135     
