   -0.10985134
    0.01629649
   -0.04128219
   -0.02457455
   -0.04021103
    0.01914108
   -0.11357141
    0.01312089
   -0.05790154
   -0.06091030
    0.30690071
   -0.14252475
   -0.04081761
    0.08515426
   -0.12378195
   -0.13136574
   -0.12234541
   -0.13686689
   -0.02926514
    0.05045591
   -0.05217259
   -0.03477758
    0.01176729
   -0.03077019
   -0.02183788
   -0.02220002
   -0.03206600
    0.01070728
   -0.01034220
   -0.01008817
    0.05336949
   -0.04755289
   -0.03150846
    0.01312823
   -0.03108039
   -0.02312978
   -0.02348212
   -0.03313026
    0.01285979
   -0.12926756
   -0.04145067
    0.05026125
    0.05005985
    0.05632184
    0.04985407
    0.05507395
    0.05372007
    0.05663874
    0.06168164
    0.05886575
    0.06838927
    0.07195496
    0.05702840
    0.06798655
    0.05432190
    0.05496628
    0.05622898
    0.06007319
    0.06966778
    0.04645755
    0.06700189
    0.04939804
    0.07238290
    0.05931018
    0.04899250
    0.03763958
    0.05189404
    0.04789266
    0.05126268
    0.04862378
    0.04006902
    0.04504240
    0.05338339
    0.04734827
    0.04964867
    0.04626849
    0.03725363
    0.07668276
    0.07090900
    0.05666929
