           1           2   1.0310501630813442     
           2           3   1.4126429010214654     
           3           4   1.4336193217302857     
           2           5  0.10248085708445522     
           4           5   1.4413974152283713     
           3           6  0.10171258204737202     
           5           6   1.4047646450383011     
           6           7   1.0332023342954404     
           2           8   1.3659877304417183     
           6           8   1.3739771943537276     
           8           9  0.98253873486946264     
           9          10   1.1270045899477685     
          10          11   1.0274496696402917     
          11          12   1.2309861074760307     
          12          13  0.96812576208962198     
          12          14  0.92057125583958821     
          14          15  0.99668995315951026     
          14          16  0.99709635057648260     
          14          17  0.99641444622604491     
          11          18   1.1798174037369136     
          18          19  0.97322817539360229     
          18          20  0.96525656335633525     
          20          21   1.2860916729099425     
          21          22   1.5569257560957450     
          22          23   1.2732777599218288     
          23          24   1.2811439511017937     
          24          25   1.5540244578730906     
          25          26   1.3231903105209355     
          24          27  0.11723967379242750     
          26          27   1.5520461892615949     
          23          28   1.2534900652629126     
          27          28   1.2847352609480671     
          20          29   1.4526038023429779     
          22          29  0.10489162019782437     
          28          29   1.2337049138229468     
          29          30   1.0320934707294211     
          30          31   1.4536944703157963     
          31          32   1.2860725877629551     
          30          33  0.10503739879548091     
          32          33   1.5569015074552148     
          33          34   1.2730631252280746     
          34          35   1.2809695545708364     
          35          36   1.5540214725101105     
          36          37   1.3234554091116131     
          35          38  0.11729528311213666     
          37          38   1.5519102796439019     
          30          39   1.2308814850996348     
          34          39   1.2538704549538484     
          38          39   1.2848033550373601     
          11          40   1.2064205608001510     
          31          40  0.97817256991101131     
          40          41  0.96960994708145876     
           1          42  0.98237105271933478     
           1          43  0.96476230368264015     
           1          44  0.96363756242577658     
           3          45  0.96593446125597804     
           4          46  0.96840518848042745     
           5          47  0.96574029499627989     
           7          48  0.95841640259498428     
           7          49  0.97785317755457513     
           7          50  0.97228638524259869     
          13          51  0.95603847255179775     
          13          52  0.97235261521370620     
          13          53  0.97556892843033216     
          15          54  0.97748675221382586     
          15          55  0.98156453492390006     
          15          56  0.98125355842476703     
          16          57  0.98162391933648507     
          16          58  0.95809721759087729     
          16          59  0.97813159204392452     
          17          60  0.98121978696131440     
          17          61  0.97954741421235214     
          17          62  0.96283915164416678     
          19          63  0.97713617986412615     
          19          64  0.96678573230891907     
          19          65  0.97392827263002246     
          21          66  0.96400155634263474     
          22          67  0.96634415913926430     
          24          68  0.96702729721553204     
          25          69  0.96930150944856874     
          26          70  0.96956957582263181     
          27          71  0.96528383129348916     
          32          72  0.96387184393089609     
          33          73  0.96626436798925996     
          35          74  0.96707083689174544     
          36          75  0.96945717960302624     
          37          76  0.96981817652920588     
          38          77  0.96531621811240453     
          41          78  0.97732593437348303     
          41          79  0.96932509480611140     
          41          80  0.97336147924546934     
