   -0.11775545
    0.04151269
   -0.00511446
   -0.03380746
   -0.02501911
   -0.02368960
   -0.02652618
   -0.03809266
   -0.12966628
    0.03796708
   -0.11935383
   -0.00464343
   -0.03435738
   -0.02709392
   -0.02626508
   -0.02688021
   -0.03718281
    0.29928710
   -0.06868671
   -0.00009564
    0.03696238
   -0.03287743
   -0.01738578
   -0.02207510
   -0.01916405
   -0.03370954
    0.48778451
   -0.21734150
   -0.18922239
   -0.19543808
   -0.12875621
   -0.03260325
    0.05089386
   -0.04302124
   -0.03116297
    0.01388192
   -0.03081647
   -0.02349903
   -0.02448495
   -0.03208300
    0.01121966
   -0.00702743
   -0.01079717
    0.05185042
   -0.04812626
   -0.03230486
    0.01304951
   -0.03011643
   -0.02146737
   -0.02203005
   -0.03368982
    0.01042955
   -0.13345092
   -0.03518800
    0.05225843
    0.05880179
    0.06436001
    0.05631229
    0.04494714
    0.05115388
    0.05127166
    0.04229090
    0.02049412
    0.06723337
    0.06239597
    0.05445060
    0.05684116
    0.04428718
    0.04397760
    0.04926570
    0.04696742
    0.03254003
    0.05782637
    0.06305342
    0.07193036
    0.08173493
    0.06727075
    0.06535486
    0.05407815
    0.05390873
    0.05867058
    0.05073383
    0.05159319
    0.04784084
    0.03862209
    0.03919490
    0.05510937
    0.04986075
    0.05269064
    0.04928786
    0.03864376
    0.07054015
    0.06749227
    0.05194383
