           1           2   1.0069503182636164     
           2           3  0.98632874271728632     
           3           4   1.4161708612761073     
           4           5   1.4359385357672536     
           3           6  0.10980348515275701     
           5           6   1.4436057764841972     
           4           7  0.10937341212126828     
           6           7   1.4332384102110631     
           3           8   1.4058753821589216     
           5           8  0.11137573791462616     
           7           8   1.4486888613913849     
           2           9  0.91667146832600577     
           9          10  0.91734418409478513     
          10          11   1.0021331042737336     
          10          12  0.98837315725108477     
          12          13   1.4117066364912492     
          13          14   1.4391147724132027     
          12          15  0.10965423324560593     
          14          15   1.4403355421459552     
          13          16  0.11001670220054047     
          15          16   1.4358292651568221     
          12          17   1.4064128664549249     
          14          17  0.11092115010067506     
          16          17   1.4459828479551240     
           9          18   1.3099757447030391     
          18          19  0.94140568549393722     
          19          20   1.1858269289000707     
          20          21   1.0081190949087337     
          21          22   1.4072036634603811     
          22          23   1.4366224632269655     
          23          24   1.4364754655084542     
          22          25  0.10556085295553844     
          24          25   1.4326772428486896     
          21          26   1.3593181828540666     
          23          26  0.10391783867411813     
          25          26   1.4220277057342163     
          26          27  0.95031422438299251     
          27          28  0.92653802138321362     
          27          29  0.96752010661169452     
          27          30  0.94884758324460872     
          18          31   1.2533239315700444     
          31          32  0.96757496172994795     
          31          33  0.94548269950348884     
          33          34   1.2898901720722595     
          34          35   1.5540446272361454     
          35          36   1.2727209890415516     
          36          37   1.2816994638805823     
          37          38   1.5533532349334556     
          38          39   1.3234205755763198     
          37          40  0.11765323880394482     
          39          40   1.5509721902090565     
          36          41   1.2530280698586174     
          40          41   1.2851426006492535     
          33          42   1.4598131485578483     
          35          42  0.10678309673364510     
          41          42   1.2341936234613766     
          42          43   1.0294214820933612     
          43          44   1.4645106939514028     
          44          45   1.2848877416977129     
          43          46  0.10534988588934723     
          45          46   1.5578683414221217     
          46          47   1.2728662234114874     
          47          48   1.2810523657562374     
          48          49   1.5536503889027606     
          49          50   1.3242207537990482     
          48          51  0.11735953760352451     
          50          51   1.5508340325641541     
          43          52   1.2284228722982484     
          47          52   1.2545868820934925     
          51          52   1.2866404449205437     
          18          53   1.2179230625410566     
          44          53  0.96681727302123599     
          53          54  0.96858559911727848     
           1          55  0.98029025161700689     
           1          56  0.97765576666139609     
           1          57  0.97822760404282783     
           2          58  0.94036443478334109     
           4          59  0.96408864097766211     
           5          60  0.96949969380736112     
           6          61  0.96972652149015659     
           7          62  0.97014794093179790     
           8          63  0.95984861982554437     
          10          64  0.94924152792284600     
          11          65  0.97917799803781691     
          11          66  0.97356426567639565     
          11          67  0.97981099167035124     
          13          68  0.95487562103406176     
          14          69  0.96962098102232053     
          15          70  0.96987250172336792     
          16          71  0.96976608338061665     
          17          72  0.96594684379006690     
          22          73  0.95879456071658653     
          23          74  0.96540691441460780     
          24          75  0.96654271316415352     
          25          76  0.96197183233802730     
          32          77  0.97680677342066025     
          32          78  0.96404781410525042     
          32          79  0.97712049952400148     
          34          80  0.96246318682236498     
          35          81  0.96553738899964503     
          37          82  0.96681100925397001     
          38          83  0.96927315155516736     
          39          84  0.96962703860183064     
          40          85  0.96611936145720700     
          45          86  0.96078368141697046     
          46          87  0.96579395291435599     
          48          88  0.96676904121121199     
          49          89  0.96910981006585106     
          50          90  0.96952008659174826     
          51          91  0.96457363980080235     
          54          92  0.96441486684257050     
          54          93  0.97194432736805891     
          54          94  0.97663301690482318     
