   -0.11587557
    0.02541669
   -0.03866462
   -0.03966764
   -0.01302094
    0.04562161
   -0.11330111
   -0.14612043
    0.04207105
   -0.11639566
   -0.01039944
   -0.03616105
   -0.03695615
    0.02585965
   -0.11476710
   -0.03832458
   -0.03989996
    0.29277546
   -0.04773488
   -0.06661624
    0.04087351
   -0.03312107
   -0.02200399
   -0.02679520
   -0.02512422
   -0.03980647
   -0.13376261
   -0.03337228
    0.05230495
   -0.04501594
   -0.03341704
    0.01347860
   -0.03056297
   -0.02135090
   -0.02223425
   -0.03113997
    0.01035619
   -0.00812416
   -0.01344562
    0.05590546
   -0.04947115
   -0.03232524
    0.01246777
   -0.03038016
   -0.02256536
   -0.02282550
   -0.03375712
    0.01094037
   -0.12057011
   -0.03563119
   -0.03418078
   -0.03871583
    0.05379242
    0.06219829
    0.05196328
    0.04264090
    0.02628127
    0.04497835
    0.05731444
    0.05633739
    0.04864986
    0.06653578
    0.05254553
    0.05119662
    0.06323431
    0.04771064
    0.04953354
    0.04957356
    0.06057975
    0.05678521
    0.03958728
    0.03119353
    0.04987090
    0.05469389
    0.05401640
    0.04969573
    0.04323271
    0.05188731
    0.06695681
    0.07168894
    0.04570741
    0.05418315
    0.04876267
    0.05161076
    0.04850827
    0.03862261
    0.04123009
    0.05004282
    0.04700979
    0.05014496
    0.04696339
    0.03599004
    0.05074054
    0.07171670
    0.07064759
    0.03350608
    0.04547164
