           1           2   1.0317176952847613     
           2           3   1.4036863362348779     
           3           4   1.4527016514039328     
           2           5  0.10539470182727574     
           4           5   1.4034032360280695     
           5           6  0.98723709054327347     
           6           7  0.99809538880791004     
           6           8  0.91960688862304985     
           8           9  0.93469267918878185     
           9          10   1.0055267445019234     
           9          11  0.98650955176904909     
          11          12   1.3848483177513995     
          12          13   1.4520778312474785     
          11          14  0.10104789107800681     
          13          14   1.4034407412307792     
          14          15   1.0316056862877105     
          12          16  0.10090668757081296     
          14          16   1.3999046913480524     
          11          17   1.3927957095359664     
          13          17  0.10730269453405225     
          16          17   1.4554882078156679     
           8          18   1.2687996873578813     
          18          19   1.0170041936660195     
          19          20   1.1366258973977039     
          20          21  0.98435499724903597     
          21          22   1.3887033059836782     
          22          23   1.4476162717656380     
          21          24  0.10175336587964194     
          23          24   1.4296885530375414     
          22          25  0.11014618572017842     
          24          25   1.4423522597661733     
          21          26   1.4098356731806783     
          23          26  0.10781435659296608     
          25          26   1.4308733863908007     
          18          27   1.2243536632307095     
          27          28  0.96448769085567543     
          27          29  0.94696283200522757     
          29          30   1.2914083422749745     
          30          31   1.5504854799252514     
          31          32   1.2741057183076960     
          32          33   1.2814160340330623     
          33          34   1.5539453464450907     
          34          35   1.3235350687996512     
          33          36  0.11720600417462097     
          35          36   1.5513505895816870     
          32          37   1.2528772841817846     
          36          37   1.2861759214658683     
          29          38   1.4566881046786517     
          31          38  0.10700084443443035     
          37          38   1.2319186824931767     
          38          39   1.0302916158670805     
          39          40   1.4494124998756885     
          40          41   1.2826232999501945     
          39          42  0.10521780577455855     
          41          42   1.5590292518172202     
          42          43   1.2730089432697249     
          43          44   1.2808644437513355     
          44          45   1.5539087886028184     
          45          46   1.3237124895706365     
          44          47  0.11734596173065234     
          46          47   1.5515121368426614     
          39          48   1.2307716588709638     
          43          48   1.2540828585281087     
          47          48   1.2856014027741085     
          18          49   1.2067149165061974     
          40          49  0.99097754933058901     
          49          50  0.97115452396348090     
           3          51  0.10602667810535847     
           5          51   1.4063749945193043     
           2          52   1.4055926515528647     
           4          52  0.10695176231132403     
          51          52   1.4489148135694059     
           1          53  0.97893652390108521     
           1          54  0.96106683319420394     
           1          55  0.98076207390338499     
           3          56  0.96825660551072923     
           4          57  0.96711431455728336     
           6          58  0.94321555330514040     
           7          59  0.97909066100208553     
           7          60  0.97820808895197475     
           7          61  0.97351156721402132     
           9          62  0.94005712933252683     
          10          63  0.97775207259967101     
          10          64  0.96852388347821661     
          10          65  0.97846721457345476     
          12          66  0.96470389669314283     
          13          67  0.96829679723678264     
          15          68  0.98463596217539973     
          15          69  0.97001883108228759     
          15          70  0.96602188799375555     
          16          71  0.96802317796961868     
          17          72  0.95672282361099181     
          22          73  0.96589351505807630     
          23          74  0.96755973294146480     
          24          75  0.96905629695285345     
          25          76  0.96811501605855799     
          26          77  0.95993543396587433     
          28          78  0.97915432173597994     
          28          79  0.96955752055879030     
          28          80  0.97614971328861588     
          30          81  0.96322749869814162     
          31          82  0.96605104783905504     
          33          83  0.96696773454667562     
          34          84  0.96927300724530419     
          35          85  0.96957733290364745     
          36          86  0.96587906665705547     
          41          87  0.96190932381568606     
          42          88  0.96637572588698972     
          44          89  0.96703503595921103     
          45          90  0.96938785659867666     
          46          91  0.96974551303352263     
          47          92  0.96488141158201635     
          50          93  0.96868323059064054     
          50          94  0.97644845576871697     
          50          95  0.95900071956945176     
          51          96  0.96181668198297754     
          52          97  0.96848582499997760     
