   -0.12569104
    0.04303380
   -0.12762976
   -0.16543102
    0.04523855
   -0.12453971
   -0.12441191
    0.58375046
   -0.05909426
    0.01402604
    0.03831404
   -0.02977205
   -0.01668978
   -0.02099266
   -0.01956036
   -0.02842574
    0.49037838
   -0.19583272
   -0.21664959
   -0.19103357
   -0.25587067
    0.11851124
   -0.05305620
   -0.02529690
   -0.03745944
    0.01510027
   -0.01433277
    0.02363834
   -0.06129953
   -0.06758584
   -0.06103177
   -0.06698830
    0.01669967
   -0.03695750
   -0.02674575
   -0.05527433
    0.12155055
   -0.01591399
   -0.28124905
    0.05413943
    0.06976885
    0.05689952
    0.07229749
    0.05363577
    0.05257213
    0.07222967
    0.05732342
    0.07307936
    0.04382223
    0.06006452
    0.07057826
    0.05679419
    0.06153569
    0.06271736
    0.06778150
    0.07230918
    0.08137686
    0.06253491
    0.07066721
    0.06530257
    0.05676895
    0.03451119
    0.05834656
    0.06867077
    0.05498069
    0.04450080
    0.06447994
    0.06514826
    0.06666358
    0.06842896
    0.07464504
