           1           2   1.0067218415878008     
           2           3   1.0072071261056363     
           2           4  0.93428763194489284     
           4           5  0.93250969163506470     
           5           6   1.0064683356996065     
           5           7   1.0037939357253816     
           4           8   1.2502087953248966     
           8           9  0.95106050173129975     
           9          10   1.1764207018684192     
          10          11   1.0023676477059966     
          11          12   1.4088797673811424     
          12          13   1.4390656306090313     
          11          14  0.10136670722488178     
          13          14   1.4338441571195126     
          12          15  0.10645876419507769     
          14          15   1.4342874809901436     
          11          16   1.3695583774521123     
          13          16  0.10355321000581710     
          15          16   1.4190567296964220     
          16          17  0.95056531904796260     
          17          18  0.94988865880520967     
          17          19  0.92772540969294492     
          17          20  0.96569250282562769     
           8          21   1.3034536907915322     
          21          22  0.87373467212712419     
          22          23   1.3818745044622787     
          23          24   1.4508319360940016     
          24          25   1.4192675987346317     
          23          26  0.10701461377239345     
          25          26   1.4408957763795449     
          22          27   1.4067882815274928     
          24          27  0.10426004739980171     
          26          27   1.3438872240149931     
          27          28  0.99212451468424134     
          28          29  0.95619949074471500     
          26          30   1.0164667344144225     
          29          30   1.0022166375029107     
          28          31  0.95645503859434611     
          31          32   1.0023366965593774     
          32          33   1.0166778869936959     
          33          34   1.4385105178755304     
          34          35   1.4218089936613449     
          33          36  0.10643185876839348     
          35          36   1.4485864256221794     
          36          37   1.3863117146687134     
          28          38  0.98907993970184793     
          33          38   1.3466844334801573     
          35          38  0.10514283395098810     
          37          38   1.4043814163443773     
           8          39   1.2872408277776213     
          37          39  0.86177448649167510     
           1          40  0.98362919473903465     
           1          41  0.97900769787289854     
           1          42  0.97840965150799730     
           2          43  0.95425880150003684     
           3          44  0.97935102641420202     
           3          45  0.97322665357035010     
           3          46  0.97860291077577521     
           5          47  0.94521567851014610     
           6          48  0.97827242000140424     
           6          49  0.97845333984517202     
           6          50  0.98086425684811118     
           7          51  0.97889231312896141     
           7          52  0.98078492624480296     
           7          53  0.97942833066198920     
          12          54  0.96263813695293654     
          13          55  0.96505675651933154     
          14          56  0.96646731462123414     
          15          57  0.96223872805378785     
          23          58  0.96159891238860029     
          24          59  0.96698175176113266     
          25          60  0.96583238959074957     
          29          61  0.97645271301719117     
          29          62  0.97748295464550361     
          30          63  0.96537019554606429     
          30          64  0.95376693587205685     
          31          65  0.97669330696246981     
          31          66  0.97833185032527770     
          32          67  0.96451304269629168     
          32          68  0.95490468397158601     
          34          69  0.96563399741559719     
          35          70  0.96710920361038744     
          36          71  0.95886154877973739     
