    0.03057650
   -0.25402556
    0.14830358
   -0.07070958
   -0.03711649
   -0.00687181
   -0.00996766
   -0.03425495
   -0.03789308
    0.01267530
   -0.01624600
    0.11270019
   -0.25510694
    0.49706666
    0.02210923
    0.00206110
    0.04140942
   -0.02971566
   -0.01815861
   -0.01963461
    0.48772584
   -0.21354763
   -0.19507185
   -0.19424577
   -0.02136250
   -0.03304932
   -0.17281670
    0.05537813
   -0.12285786
   -0.12209416
    0.05462892
   -0.12514341
   -0.11956706
   -0.27149989
    0.11523293
   -0.00883751
   -0.00310955
   -0.03389685
   -0.05921424
    0.14721009
   -0.26138772
    0.02781709
   -0.06777316
   -0.03712274
   -0.03811919
   -0.04085796
    0.00942231
   -0.01952251
    0.02456350
   -0.06009962
   -0.06477093
   -0.05905854
   -0.06480852
   -0.03495045
   -0.05410778
    0.05112094
    0.04114497
    0.07488888
    0.04204026
    0.03898105
    0.06402824
    0.06254499
    0.07516411
    0.08339222
    0.09476314
    0.06910940
    0.02977450
    0.03921925
    0.06778819
    0.05718756
    0.06320895
    0.06452960
    0.05829089
    0.05372112
    0.05445899
    0.06335624
    0.06156907
    0.06191303
    0.05226127
    0.05418760
    0.04488605
    0.05337899
    0.04914549
    0.05108520
    0.07851394
    0.04808978
    0.03889273
    0.06019691
    0.05947712
    0.04166983
    0.05228555
    0.06014918
    0.06215651
    0.05175993
    0.03828354
    0.06166069
    0.05778552
    0.04832121
    0.06333093
