           1           2  0.97807809824806347     
           2           3   1.0896278756885429     
           3           4   1.3622602687264191     
           4           5   1.4458790780368065     
           5           6   1.3908524408277465     
           6           7   1.0475046854177563     
           7           8   1.3938036638643685     
           8           9   1.4352833918668202     
           9          10   1.4287123479364912     
           8          11  0.10062810762049243     
          10          11   1.3464120943227946     
           7          12   1.3292085369056812     
          11          12   1.4076972194227477     
          12          13  0.88578296374987786     
          13          14   1.3001096843941524     
          14          15  0.89527548736900553     
          15          16   1.3182752037541510     
          16          17  0.97777540865999768     
          17          18   1.3909418802899822     
          18          19   1.4479987056095831     
          19          20   1.4075160801680009     
          20          21  0.94966975410967180     
          21          22  0.92986267823335411     
          21          23  0.95764751112955182     
          21          24  0.96052217494794612     
          18          25  0.10930892637689840     
          20          25   1.4125423444167795     
          17          26   1.4079343971223217     
          19          26  0.10683049665916952     
          25          26   1.4381212807201715     
          14          27   1.2055428702653179     
          27          28  0.94814144553126645     
          28          29   1.0039827151136014     
          28          30   1.0046757556132573     
          27          31  0.92963898049999116     
          31          32  0.99930561405949825     
          31          33   1.0063112995762447     
          14          34   1.2601922042327480     
          34          35  0.88446084877898712     
          35          36   1.3282759912222697     
          36          37   1.0557412521852092     
          37          38   1.3571393865136103     
          38          39   1.4891413470218433     
          39          40   1.3310882793776733     
          40          41   1.0872458532673832     
          41          42  0.97286571635508134     
          40          43   1.3601454953199208     
          37          44   1.3865227093025316     
          39          44  0.10103913214407928     
          43          44   1.4497503093521893     
          36          45   1.3888263348813499     
          45          46   1.4358934439756390     
          46          47   1.4277211836291941     
          35          48   1.4077811607455022     
          45          48  0.10027089689361268     
          47          48   1.3468907564421246     
          11          49  0.99004818407655359     
          48          49  0.98708269960834294     
          49          50  0.95552638507385335     
          10          51   1.0166672902652321     
          50          51   1.0019601410300369     
          49          52  0.95923454598730673     
          47          53   1.0159543760517751     
          52          53   1.0021641853245653     
           6          54   1.3546727100948528     
           3          55   1.3293002948265693     
           5          55  0.10159174643295853     
          54          55   1.4874696916478714     
           1          56  0.97602773158859224     
           1          57  0.97656205959837339     
           1          58  0.97822700333534118     
           4          59  0.96512353082475366     
           5          60  0.96725740894392509     
           8          61  0.96554053479564372     
           9          62  0.96566332084297524     
          18          63  0.96273180259138602     
          19          64  0.96218677828979216     
          25          65  0.95556350664840017     
          26          66  0.94564980463512471     
          28          67  0.93950131744382925     
          29          68  0.96917099972755161     
          29          69  0.97712877207582971     
          29          70  0.97861750759127841     
          30          71  0.97811328107614437     
          30          72  0.97510695161669902     
          30          73  0.97992150692064994     
          31          74  0.94870478710649531     
          32          75  0.97603102727464086     
          32          76  0.97924795421167432     
          32          77  0.97880369178391036     
          33          78  0.97999220118257679     
          33          79  0.97916483206349847     
          33          80  0.97976558053374552     
          38          81  0.96666074720350825     
          39          82  0.96574014240070993     
          42          83  0.97623385840568422     
          42          84  0.97675866317042370     
          42          85  0.97764021127834544     
          43          86  0.96495075142459441     
          44          87  0.96433386876087401     
          45          88  0.96506118465189394     
          46          89  0.96597603665691500     
          50          90  0.97862511611406000     
          50          91  0.97678172992815071     
          51          92  0.96615678033103369     
          51          93  0.95505338357776770     
          52          94  0.97723672454015831     
          52          95  0.97888029010915134     
          53          96  0.95588010341089091     
          53          97  0.96562344939697697     
          54          98  0.96379116979955359     
          55          99  0.96563166906312481     
