   -0.11171396
   -0.00399965
   -0.04256549
   -0.04078371
    0.00938823
   -0.01984709
    0.11148391
   -0.29029138
    0.59450101
   -0.05803480
   -0.01419237
    0.03888618
   -0.03994331
   -0.02392394
   -0.04513542
    0.17943653
   -0.20541068
   -0.05200880
   -0.17525550
    0.04302242
   -0.12693997
   -0.12205128
    0.08341891
   -0.13981108
   -0.12795823
   -0.12402819
   -0.25463979
    0.10812413
   -0.00125204
   -0.11388799
   -0.03888089
   -0.03852974
    0.00957525
   -0.01906023
    0.02487595
   -0.05902615
   -0.06580401
   -0.06086938
   -0.06362952
    0.04396877
    0.06144347
    0.06614955
    0.06169917
    0.06152094
    0.06070114
    0.06735293
    0.08019668
    0.07206906
    0.07158653
    0.05153881
    0.06354175
    0.06262347
    0.04630165
    0.06721044
    0.05436234
    0.06195687
    0.07450478
    0.06095790
    0.05824800
    0.07073019
    0.04714421
    0.05721755
    0.06577602
    0.05105791
    0.07120887
    0.06463329
    0.04626255
    0.06540935
    0.06253612
    0.03744562
    0.05251395
    0.06266845
    0.05961485
    0.04170888
    0.05311734
    0.05796269
    0.06182003
