           1           2   1.0256116839319720     
           2           3   1.4171947853768754     
           3           4   1.4292778000102058     
           2           5  0.10176662987047434     
           4           5   1.4311391484761706     
           3           6  0.10373320288825948     
           5           6   1.3511455286364313     
           2           7   1.3579313392845795     
           6           7   1.3977312760545610     
           7           8  0.87541964060411459     
           8           9   1.2461491223337402     
           9          10  0.94506164867303233     
          10          11   1.1819235802443226     
          11          12  0.99008973415200896     
          12          13   1.4053989609495039     
          13          14   1.4369328998474020     
          12          15  0.10079617394438574     
          14          15   1.4378156922809273     
          15          16   1.3884869012984020     
          16          17  0.97565219130503866     
          12          18   1.4013310172445033     
          14          18  0.10668938207616396     
          16          18   1.3951067140795435     
           9          19   1.2579293257770192     
          19          20  0.92637445689775777     
          20          21   1.0053494990599008     
          20          22   1.0088552067752428     
          19          23  0.92364243749754116     
          23          24  0.99941124455030739     
          23          25  0.99662884197361834     
          23          26  0.99183246271682968     
           9          27   1.2992317081839408     
          27          28  0.87639719029764329     
          28          29   1.3615085643146951     
          29          30   1.0291781308426498     
          29          31   1.4077349089940479     
          31          32   1.4378236543295755     
          29          33  0.10218422161079638     
          32          33   1.4254471947660279     
          28          34   1.3970710128123425     
          31          34  0.10415425298372424     
          33          34   1.3557143670727041     
           6          35  0.98744528990683245     
          34          35  0.99287426842216653     
          35          36  0.95805680866555276     
           5          37   1.0154601141510171     
          36          37   1.0023916410983686     
          35          38  0.95343655270852545     
          33          39   1.0161599092219924     
          38          39   1.0022633434770754     
           1          40  0.97716169437924716     
           1          41  0.96004193184871145     
           1          42  0.97244657890793484     
           3          43  0.96584551438942534     
           4          44  0.96603337293631997     
          13          45  0.96441198606417600     
          14          46  0.96612842922794784     
          15          47  0.96405674147238063     
          18          48  0.96071393076205513     
          20          49  0.94901873280177385     
          21          50  0.98037760616093883     
          21          51  0.98043500652832960     
          21          52  0.97919275165066488     
          22          53  0.98256783755643284     
          22          54  0.97855622495784322     
          22          55  0.97439434882523901     
          24          56  0.96780935753841590     
          24          57  0.97481184632146844     
          24          58  0.95830071271340345     
          25          59  0.97958550768618446     
          25          60  0.97833642470722360     
          25          61  0.98134953946715653     
          26          62  0.97696803299635304     
          26          63  0.97877180826323584     
          26          64  0.97872510539145030     
          30          65  0.96294389631226074     
          30          66  0.97143382519605415     
          30          67  0.97712268832628280     
          31          68  0.96636105309756326     
          32          69  0.96611348093342775     
          36          70  0.97752175797868135     
          36          71  0.97738800274537951     
          37          72  0.95644045908810849     
          37          73  0.96441853285302004     
          38          74  0.97581489166486346     
          38          75  0.97673193745412035     
          39          76  0.96556634298880573     
          39          77  0.95576351202793908     
