   -0.12645253
    0.04752492
   -0.12164612
   -0.16967036
    0.04468104
   -0.12788673
   -0.12512098
    0.57067126
   -0.05180926
   -0.03134430
    0.03695809
   -0.03052903
   -0.02218897
   -0.02322108
   -0.02203242
   -0.03241058
   -0.27738117
    0.12245133
   -0.05171996
   -0.03063217
    0.01481632
   -0.02830911
   -0.01921065
   -0.01956909
   -0.03004161
    0.01369196
   -0.00905538
   -0.00974083
    0.12317111
   -0.04705932
   -0.02829534
    0.01502248
   -0.02831999
   -0.02005099
   -0.02075530
   -0.03082660
    0.01364071
   -0.25417041
    0.04827564
    0.06164223
    0.07126608
    0.04978845
    0.05453981
    0.06819491
    0.06177593
    0.06810917
    0.05385802
    0.07359479
    0.05632250
    0.05429529
    0.05807863
    0.06852425
    0.05074660
    0.05612746
    0.05675721
    0.05189062
    0.04270751
    0.05972104
    0.06590784
    0.05485326
    0.05829841
    0.05556935
    0.04532685
    0.06368085
    0.06880870
    0.05576649
    0.05751435
    0.05279495
    0.04208385
