           1           2   1.0064572879162497     
           2           3   1.0034686208069434     
           2           4  0.93641504351553595     
           4           5  0.93482863924466297     
           5           6   1.0081160876584891     
           5           7   1.0063014788264568     
           4           8   1.2509205811142485     
           8           9  0.98481481524470149     
           9          10   1.1597426173207119     
          10          11  0.98101168157454322     
          11          12   1.4062916583330760     
          12          13   1.4411447632267322     
          11          14  0.10210230348767217     
          13          14   1.4345815292219590     
          12          15  0.10947212315272670     
          14          15   1.4370901979103019     
          11          16   1.4004826976631795     
          13          16  0.10889772337887819     
          15          16   1.4405489532485443     
           8          17   1.2887815873592006     
          17          18  0.87096341803203003     
          18          19   1.3020993103146452     
          19          20   1.5430247183335879     
          20          21   1.2789206081227082     
          21          22   1.2800311011667298     
          22          23   1.5546427372643949     
          23          24   1.3229741284279073     
          22          25  0.11693474830851217     
          24          25   1.5502294611302554     
          21          26   1.2506985838084568     
          25          26   1.2874675307298373     
          18          27   1.4640326302297901     
          20          27  0.10822826652826460     
          26          27   1.2288678218491977     
          27          28   1.0340045583646740     
          28          29   1.4631443953697176     
          29          30   1.2989527426628504     
          28          31  0.10732461794715924     
          30          31   1.5468744626624360     
          31          32   1.2761459029034752     
          32          33   1.2805091047880695     
          33          34   1.5540283094108978     
          34          35   1.3233737252430005     
          33          36  0.11704286082268178     
          35          36   1.5504801048735601     
          28          37   1.2271648012405714     
          32          37   1.2516390406335964     
          36          37   1.2861966458140834     
           8          38   1.2967044470986140     
          29          38  0.87906502836948675     
           1          39  0.97553047334542831     
           1          40  0.98032312738340144     
           1          41  0.97890417575104760     
           2          42  0.94769075699755556     
           3          43  0.98245436487387861     
           3          44  0.97925869609466309     
           3          45  0.97979932625817623     
           5          46  0.95530892534994161     
           6          47  0.97866616323609545     
           6          48  0.97801940064920601     
           6          49  0.96913125263547817     
           7          50  0.98380120484082567     
           7          51  0.97916489281731600     
           7          52  0.97941207781421913     
          12          53  0.96503455358875123     
          13          54  0.96750602580974787     
          14          55  0.96887766572835732     
          15          56  0.96775346449059130     
          16          57  0.96564124114858085     
          19          58  0.96265465348680579     
          20          59  0.96482931759498824     
          22          60  0.96627332451199799     
          23          61  0.96849191135796309     
          24          62  0.96885296315611391     
          25          63  0.96468737595849463     
          30          64  0.96371976365002177     
          31          65  0.96453335889323544     
          33          66  0.96619369226258978     
          34          67  0.96858717403075401     
          35          68  0.96911443122008611     
          36          69  0.96488937462762503     
