   -0.12973495
    0.03719507
   -0.12774047
   -0.14708723
    0.08584123
   -0.12439610
   -0.12099502
   -0.12953201
    0.32589546
   -0.06662023
   -0.03362379
    0.04310096
   -0.02902692
   -0.01983538
   -0.01799071
    0.48755014
   -0.19456087
   -0.19542483
   -0.20833014
   -0.01865966
   -0.02869171
   -0.13318548
   -0.03210610
    0.05125170
   -0.05350140
   -0.03304100
    0.01249396
   -0.03028784
   -0.02173043
   -0.02190795
   -0.03217900
    0.01215965
   -0.01181791
   -0.01014471
    0.05134470
   -0.04962517
   -0.03125867
    0.01292181
   -0.02997165
   -0.02287791
   -0.02435417
   -0.03538635
    0.01106393
   -0.12286358
   -0.04217801
    0.06719384
    0.05808769
    0.05228673
    0.07428683
    0.07135944
    0.05806038
    0.05433079
    0.04873635
    0.06834184
    0.05743608
    0.05361992
    0.06538576
    0.04142551
    0.05858687
    0.06693810
    0.05699416
    0.06696406
    0.08046605
    0.07775080
    0.06479483
    0.06631670
    0.05467295
    0.06164621
    0.04059315
    0.05460019
    0.04915134
    0.05200473
    0.04886890
    0.03851788
    0.04534968
    0.05556704
    0.04998221
    0.05187033
    0.04726676
    0.03604250
    0.07134363
    0.07630045
    0.05670807
