           1           2   1.0052071703476995     
           2           3   1.0082139517311832     
           2           4  0.93256031766876890     
           4           5  0.90475672227627768     
           5           6  0.99255375435625737     
           5           7  0.99690691381673724     
           5           8  0.99964060356425755     
           4           9   1.2671009985399617     
           9          10  0.94065459419669795     
          10          11   1.1806335358565985     
          11          12  0.99616191646735452     
          12          13   1.4024008833545907     
          13          14   1.4443356920817820     
          14          15   1.4104586988802978     
          15          16  0.94808467058419632     
          16          17  0.95879886479907805     
          16          18  0.95755008643277073     
          16          19  0.93527391458232645     
          13          20  0.10881652984236766     
          15          20   1.4116510229841619     
          12          21   1.3981381913764981     
          14          21  0.10834050212606483     
          20          21   1.4443893220334449     
           9          22   1.1886008507486181     
          22          23  0.97426446903855268     
          22          24  0.98213146969109189     
          24          25   1.2745160658663581     
          25          26   1.5570069466913810     
          26          27   1.2734835936233646     
          27          28   1.2805455795538394     
          28          29   1.5542654821823632     
          29          30   1.3232453738880761     
          28          31  0.11731309143004026     
          30          31   1.5517991035495819     
          27          32   1.2540781367011808     
          31          32   1.2853494766587037     
          24          33   1.4511054825056702     
          26          33  0.10529205942947063     
          32          33   1.2311548499110176     
          33          34   1.0306535234010537     
          34          35   1.4538728555320586     
          35          36   1.2842433728507794     
          34          37  0.10562460525613922     
          36          37   1.5547192104007759     
          37          38   1.2733323337489155     
          38          39   1.2796239472208522     
          39          40   1.5552403502284857     
          40          41   1.3223822996891299     
          39          42  0.11725038948718813     
          41          42   1.5512938800588068     
          34          43   1.2323859594594306     
          38          43   1.2540807612689218     
          42          43   1.2821983456164101     
           9          44   1.1982010194405435     
          35          44  0.97272218358458751     
          44          45  0.97055044953300074     
           1          46  0.97906372331022995     
           1          47  0.96643712923626945     
           1          48  0.97906497032494677     
           2          49  0.94934954632698554     
           3          50  0.97764938129610357     
           3          51  0.96057958965494838     
           3          52  0.98115599303540080     
           6          53  0.97861713362063740     
           6          54  0.97685216807140551     
           6          55  0.97688013712171473     
           7          56  0.98021871452255249     
           7          57  0.97847513839691325     
           7          58  0.97731637418358897     
           8          59  0.97464108949344030     
           8          60  0.97597363354949040     
           8          61  0.94585712288363077     
          13          62  0.96342813442969688     
          14          63  0.96286669877768638     
          20          64  0.96338712590778153     
          21          65  0.96145232248509538     
          23          66  0.97715337180049133     
          23          67  0.96928521935115763     
          23          68  0.96080851666044076     
          25          69  0.96350549378899963     
          26          70  0.96589999663587944     
          28          71  0.96690565944879125     
          29          72  0.96921935972708362     
          30          73  0.96955062871966846     
          31          74  0.96527527018136428     
          36          75  0.96238891566468343     
          37          76  0.96600814240007460     
          39          77  0.96681044092307222     
          40          78  0.96921249700438339     
          41          79  0.96967366551155432     
          42          80  0.96500128295481102     
          45          81  0.96269325869156108     
          45          82  0.97698507466813966     
          45          83  0.97257648913373340     
