    0.02746587
   -0.25042965
    0.15291719
   -0.06411114
   -0.02755255
   -0.04380316
    0.03560502
   -0.02603062
   -0.06500554
    0.59409759
   -0.18520052
    0.03653475
   -0.13404261
   -0.12395855
    0.08815768
   -0.13086853
   -0.12289994
   -0.12492768
   -0.27836347
    0.11556863
   -0.00221844
   -0.10822710
   -0.04046385
   -0.04070155
    0.00990834
   -0.01918336
    0.02512346
   -0.06034357
   -0.06506042
   -0.05840333
   -0.06558446
    0.01098620
   -0.03791506
   -0.03793510
   -0.00119975
   -0.11093770
    0.10776953
   -0.01829737
   -0.26767719
   -0.06014346
    0.05342988
    0.04832157
    0.07761707
    0.05673069
    0.05502809
    0.04710852
    0.07403357
    0.06212523
    0.06407562
    0.05638036
    0.04696074
    0.07069919
    0.05498899
    0.06317987
    0.05072668
    0.06032698
    0.06919766
    0.05710340
    0.05154642
    0.05060854
    0.05145839
    0.06685556
    0.05154569
    0.05261099
    0.06013444
    0.05975236
    0.06074160
    0.05205334
    0.03998659
    0.06095940
    0.05888806
    0.05082857
    0.03812414
    0.06015935
    0.06159457
    0.06281956
    0.06386393
    0.06718408
    0.06543920
    0.04671561
    0.06544695
