           1           2  0.97341483758982794     
           2           3   1.0978143175689048     
           3           4   1.3552425998355289     
           4           5   1.4446028365267263     
           5           6   1.4360897394993817     
           6           7   1.3879165010017023     
           7           8  0.97538539493827514     
           8           9   1.1817780948558949     
           9          10  0.96453815741766447     
          10          11   1.2217882338995534     
          11          12  0.94082794436635742     
          12          13   1.0019235686905852     
          12          14   1.0072943324700812     
          11          15  0.90866341616460433     
          15          16  0.99626160648783535     
          15          17  0.99598741209577513     
          15          18  0.99858060571823715     
          10          19   1.2631562581301319     
          19          20  0.88184156824430526     
          20          21   1.3492527295489538     
          21          22   1.0265300431166871     
          21          23   1.4238518096583419     
          23          24   1.4225028231139423     
          21          25  0.10282160585104588     
          24          25   1.4390796733858655     
          20          26   1.4082789229078343     
          23          26  0.10260643835893871     
          25          26   1.3437202763188831     
          26          27  0.98955526923389492     
          27          28  0.95554497032568853     
          25          29   1.0159035986771598     
          28          29   1.0027036462779952     
          27          30  0.95725558498555408     
          30          31   1.0020660856105272     
          31          32   1.0156224951294561     
          32          33   1.4354875051321530     
          33          34   1.4265907564911964     
          32          35  0.10219688936524021     
          34          35   1.4183793866912915     
          35          36   1.0303045455036379     
          35          37   1.3512851931676990     
          27          38  0.98946118934557026     
          32          38   1.3465549371530230     
          34          38  0.10334138032491293     
          37          38   1.4070928014667523     
          10          39   1.2716170312977397     
          37          39  0.87466673170396381     
           3          40   1.3384053448085034     
           5          40  0.10397796080160683     
           7          40   1.4369925137472792     
           1          41  0.97634734709947679     
           1          42  0.97637972225161462     
           1          43  0.97788411156515731     
           4          44  0.96453190343958273     
           5          45  0.96760525532528474     
           6          46  0.96672071027530448     
          12          47  0.95318651673642374     
          13          48  0.97671665399530094     
          13          49  0.98145794996807956     
          13          50  0.96556358682833454     
          14          51  0.96894825968662279     
          14          52  0.97831903487554184     
          14          53  0.97854874163057171     
          16          54  0.97972137974427720     
          16          55  0.97848012898050141     
          16          56  0.97607102321713668     
          17          57  0.97519367572813609     
          17          58  0.98015321372668329     
          17          59  0.98019874943473462     
          18          60  0.96499422709423721     
          18          61  0.97995285583754665     
          18          62  0.97834514393857974     
          22          63  0.96239878446495630     
          22          64  0.96933810466787518     
          22          65  0.98246540051721276     
          23          66  0.96579389520493975     
          24          67  0.96614725216364572     
          28          68  0.97667862931812377     
          28          69  0.97865742436124070     
          29          70  0.95587224974597573     
          29          71  0.96569305528325222     
          30          72  0.97718794153739430     
          30          73  0.97705108130489315     
          31          74  0.96531943957793298     
          31          75  0.95635823300974976     
          33          76  0.96596121350564945     
          34          77  0.96569400620442813     
          36          78  0.96259773363694989     
          36          79  0.98151556382493088     
          36          80  0.96240364719336557     
          40          81  0.96325758374328163     
