   -0.12884028
    0.04158778
   -0.12708297
   -0.16123485
    0.04317987
   -0.12536399
   -0.12567411
    0.58385325
   -0.05439409
    0.01954923
    0.03631549
   -0.03153879
   -0.01628819
   -0.02091538
   -0.02074994
   -0.02943639
    0.48998467
   -0.21842228
   -0.18979223
   -0.19430778
   -0.27754293
    0.12537122
   -0.06363793
   -0.02386115
   -0.05365652
    0.14912992
   -0.04872150
    0.01787668
    0.06817878
   -0.23922672
    0.06731700
   -0.24288785
    0.14775385
   -0.05495816
   -0.02246669
   -0.06175836
    0.12186813
   -0.04632689
   -0.25303679
    0.07502708
    0.05507482
    0.05210010
    0.07487187
    0.07204838
    0.05583494
    0.05653325
    0.05950362
    0.07497676
    0.06143048
    0.04412355
    0.05710965
    0.06334374
    0.07223139
    0.06165327
    0.07397930
    0.07649664
    0.08239364
    0.08317341
    0.08136855
    0.08795838
    0.05586900
    0.07733820
    0.07886967
    0.04533467
    0.08595925
    0.08350434
    0.07204894
