           1           2   1.0074330706008507     
           2           3   1.0067648941778957     
           2           4  0.93243964500808485     
           4           5  0.92991558747083558     
           5           6   1.0066687502518723     
           5           7   1.0038339128640339     
           4           8   1.2572420948988989     
           4           9  0.10046871249267576     
           8           9  0.95317790625845789     
           9          10   1.1790231290298099     
          10          11   1.0003353987491803     
          11          12   1.4093651838681966     
          12          13   1.4389708275232220     
          11          14  0.10143694377470525     
          13          14   1.4324099166438526     
          12          15  0.10583052054118752     
          14          15   1.4347476578221865     
          11          16   1.3698538314986932     
          13          16  0.10384279540021384     
          15          16   1.4182485080318110     
          16          17  0.95046593098416299     
          17          18  0.92578766755675623     
          17          19  0.96690970153672795     
          17          20  0.95097175243525456     
           8          21   1.2762336481419805     
          21          22  0.87606724219866428     
          22          23   1.3828863269490688     
          23          24   1.4357717543997011     
          24          25   1.4380972133105103     
          25          26   1.3784241417871868     
          22          27   1.4105649451639029     
          24          27  0.10018330682333550     
          26          27   1.3023203655329749     
          27          28  0.98679297393162468     
          28          29  0.95516973988520470     
          26          30   1.0929172898881401     
          29          30  0.96483611899874877     
          28          31  0.95538872207079917     
          31          32  0.96353761759567247     
          32          33   1.0920788195454345     
          33          34   1.3788107896104962     
          34          35   1.4367160146553739     
          35          36   1.4370556225624791     
          36          37   1.3793913267788642     
          28          38  0.99096754206141957     
          33          38   1.3014448413405919     
          37          38   1.4112829115726970     
           8          39   1.2896935333449626     
          37          39  0.88712502240536073     
           1          40  0.97791047069657266     
           1          41  0.97905267663892670     
           1          42  0.97191623241167557     
           2          43  0.95375128584301994     
           3          44  0.97845526354553236     
           3          45  0.98339433427352096     
           3          46  0.97858197687483406     
           5          47  0.94530435326516316     
           6          48  0.97783680208496804     
           6          49  0.98063114532777163     
           6          50  0.97838446457851147     
           7          51  0.98099756155758555     
           7          52  0.97916603139055680     
           7          53  0.97837221054092582     
          12          54  0.96278290904591590     
          13          55  0.96466305408616249     
          14          56  0.96582221662485757     
          15          57  0.96199498006737705     
          23          58  0.95805889494017671     
          24          59  0.96538013840526338     
          25          60  0.96203867814690425     
          29          61  0.96646021496501311     
          29          62  0.96874122191854051     
          31          63  0.96844196443756514     
          31          64  0.96497285040581393     
          34          65  0.96236133637649490     
          35          66  0.96515529470404471     
          36          67  0.96106621012545901     
