   -0.11624767
    0.02431944
   -0.04876029
    0.02305105
   -0.11463459
   -0.05039102
    0.03303479
   -0.05730009
   -0.07131531
    0.32201561
   -0.14937248
    0.03815598
   -0.12743450
   -0.12852449
    0.08593745
   -0.11972557
   -0.12867005
   -0.12334930
   -0.13110177
   -0.03039226
    0.05343762
   -0.05316903
   -0.03418258
    0.01151503
   -0.03102534
   -0.02264930
   -0.02265270
   -0.03207264
    0.01168144
   -0.01123514
   -0.00967604
    0.05392653
   -0.04860876
   -0.03085220
    0.01351320
   -0.02963992
   -0.02335048
   -0.02430368
   -0.03348815
    0.01275174
   -0.12565602
   -0.04051669
   -0.05028833
    0.05686752
    0.05084748
    0.06577189
    0.05207019
    0.05572236
    0.04786811
    0.06412657
    0.04216638
    0.07132389
    0.05282886
    0.05903362
    0.06881030
    0.05904825
    0.06435445
    0.05047886
    0.05178093
    0.06276358
    0.04103098
    0.06436011
    0.05640389
    0.05817381
    0.06653663
    0.05575818
    0.04836026
    0.06863993
    0.04894865
    0.06450276
    0.03856031
    0.05144851
    0.04681968
    0.04980712
    0.04721226
    0.03821111
    0.04474451
    0.05357793
    0.04794724
    0.04880111
    0.04333621
    0.03322419
    0.07019471
    0.05528477
    0.07425778
    0.04524064
