           1           2   1.0296884339272112     
           2           3   1.4053564928268847     
           3           4   1.4148365150757152     
           4           5   1.0288155299873012     
           4           6   1.3992060930402437     
           6           7   1.4051157198536275     
           7           8  0.97729911238780653     
           8           9   1.1757320457608784     
           9          10  0.96363589614813150     
          10          11   1.2589330134873733     
          11          12  0.93437728398400044     
          12          13   1.0077984194899510     
          12          14   1.0051106158609677     
          11          15  0.90853434917840148     
          15          16  0.99648394357190884     
          15          17  0.99953775911496390     
          15          18  0.99245981595756827     
          10          19   1.1851937311027907     
          19          20  0.97346268097887101     
          19          21  0.98699678153902759     
          21          22   1.2739928992637577     
          22          23   1.5582850498699956     
          23          24   1.2727888112393964     
          24          25   1.2806791968746754     
          25          26   1.5543264341948990     
          26          27   1.3232408930127992     
          25          28  0.11742529228353651     
          27          28   1.5521419512608656     
          24          29   1.2545628097451706     
          28          29   1.2849835781074321     
          21          30   1.4488882871605719     
          23          30  0.10542994422081928     
          29          30   1.2318438841175010     
          30          31   1.0305170904588650     
          31          32   1.4536045420731460     
          32          33   1.2839127177033545     
          31          34  0.10548920402148350     
          33          34   1.5564708294206635     
          34          35   1.2729058346000717     
          35          36   1.2795874447824629     
          36          37   1.5554097879412165     
          37          38   1.3223534035913533     
          36          39  0.11738413972597070     
          38          39   1.5519183489330624     
          31          40   1.2324742999733453     
          35          40   1.2549155357076724     
          39          40   1.2811123760549756     
          10          41   1.1878616605492460     
          32          41  0.97675760392970057     
          41          42  0.97126569089326653     
           2          43   1.4061234584298468     
           4          43  0.10046829290941606     
           7          43   1.4039927459087818     
           1          44  0.97416881560125046     
           1          45  0.98363979618616126     
           1          46  0.96232560305899539     
           3          47  0.96672266768015103     
           5          48  0.97644698310391309     
           5          49  0.98279853664358796     
           5          50  0.96221853370705279     
           6          51  0.96173234283964038     
          12          52  0.95000517615520219     
          13          53  0.98141921615917216     
          13          54  0.96224049166193615     
          13          55  0.97824140106588064     
          14          56  0.96679946142590467     
          14          57  0.97965055028094483     
          14          58  0.97909345878855580     
          16          59  0.98042190316509148     
          16          60  0.97916922245423277     
          16          61  0.97768360432980006     
          17          62  0.97670832864240553     
          17          63  0.94663569503162193     
          17          64  0.97557601440271491     
          18          65  0.97737203683583851     
          18          66  0.97705969441082496     
          18          67  0.97915445760721187     
          20          68  0.97637122301891177     
          20          69  0.97066255319054173     
          20          70  0.96072497015237546     
          22          71  0.96335741914126383     
          23          72  0.96625759769079123     
          25          73  0.96713651087295383     
          26          74  0.96944955431630997     
          27          75  0.96971059276271421     
          28          76  0.96534899692554266     
          33          77  0.96263113907048792     
          34          78  0.96623615651028227     
          36          79  0.96702906211469764     
          37          80  0.96953816247872393     
          38          81  0.96999832119276508     
          39          82  0.96490528931322261     
          42          83  0.96320801560989167     
          42          84  0.97227756957743394     
          42          85  0.97731700708586233     
          43          86  0.96471792575319282     
