    0.02422368
   -0.24933085
    0.12466286
   -0.07496357
    0.01367674
   -0.03142353
   -0.02117480
   -0.02399586
   -0.02953153
    0.00388115
   -0.00967151
    0.10426587
   -0.25627651
    0.52740607
    0.02057381
   -0.03776625
    0.03907125
   -0.03251697
   -0.02400872
   -0.02471485
   -0.02380207
   -0.02766076
   -0.16256566
    0.05796992
   -0.12108339
   -0.12184756
    0.04180262
   -0.12488385
   -0.12630241
   -0.26894951
    0.10815384
    0.12789337
   -0.25632606
    0.02869160
   -0.07900178
    0.01188777
   -0.03172319
   -0.02069955
   -0.02372188
   -0.02911089
    0.00384425
   -0.01303249
    0.05681310
    0.06369123
    0.07898453
    0.06680219
    0.05249819
    0.05611423
    0.05148687
    0.04391627
    0.04803806
    0.04892231
    0.05238903
    0.05094150
    0.05796362
    0.04258785
    0.06041495
    0.05782005
    0.06146561
    0.05794573
    0.05291389
    0.06296691
    0.06870647
    0.05926546
    0.07102304
    0.05216963
    0.06921291
    0.06000947
    0.05435455
    0.05500034
    0.07487048
    0.05195149
    0.06437989
    0.05070979
    0.05540172
    0.05260346
    0.04374639
