           1           2  0.96589327537858649     
           2           3   1.0645464559748907     
           3           4   1.4739468017707538     
           4           5   1.2721087210063771     
           5           6   1.2835382885672599     
           6           7   1.5495341803298621     
           7           8   1.3271319084937421     
           6           9  0.11634987140664119     
           8           9   1.5449025509188676     
           5          10   1.2525532685384211     
           9          10   1.2907365722968280     
          10          11   1.2193094801691775     
           3          12   1.2206335421062664     
          11          12   1.4775462732858422     
          12          13  0.91151849135584062     
          13          14   1.2718598888161956     
          14          15  0.95896202774811645     
          15          16   1.2413075457685829     
          16          17  0.97171693021966277     
          17          18   1.4083330817469695     
          18          19   1.4442506406863855     
          17          20  0.10356271486812968     
          19          20   1.4307269100822935     
          18          21  0.10946524819036423     
          20          21   1.4406368860374614     
          17          22   1.4097122759027685     
          19          22  0.10900506282884197     
          21          22   1.4367894874087479     
          14          23   1.2361510423375572     
          23          24  0.92699390284671257     
          24          25   1.0041193588665465     
          24          26   1.0041684729480245     
          23          27  0.94314387551476075     
          27          28   1.0079162554672929     
          27          29   1.0066263449288442     
          14          30   1.2594324912966330     
          30          31  0.90683618240044783     
          31          32   1.2144336738681329     
          32          33   1.0790235732642477     
          33          34  0.97266474149872928     
          32          35   1.4671109961244884     
          35          36   1.2734901323288728     
          36          37   1.2825886749823308     
          37          38   1.5509592562215444     
          38          39   1.3260077295550869     
          37          40  0.11619830679552309     
          39          40   1.5463692421498638     
          36          41   1.2534438151618226     
          40          41   1.2897157423359618     
          11          42   1.0369704483259230     
          31          42   1.4752109619551008     
          41          42   1.2190167816475042     
           1          43  0.97555103349449934     
           1          44  0.97591696446945841     
           1          45  0.97773637364076682     
           4          46  0.96022662888402421     
           6          47  0.96648130205556981     
           7          48  0.96878473502097207     
           8          49  0.96924604627497879     
           9          50  0.96366915362908068     
          18          51  0.95802469036880866     
          19          52  0.96774975592543544     
          20          53  0.96889772349233938     
          21          54  0.96824792424969908     
          22          55  0.96698960894968411     
          24          56  0.94451694555579369     
          25          57  0.97947143167319939     
          25          58  0.98027174631182190     
          25          59  0.98141552021111766     
          26          60  0.98124850278281783     
          26          61  0.98116045432141163     
          26          62  0.97942658915425018     
          27          63  0.95493825803326593     
          28          64  0.98115547162538408     
          28          65  0.97915617479090500     
          28          66  0.95692814085233924     
          29          67  0.97965052351350512     
          29          68  0.98261712072735841     
          29          69  0.96647902712190548     
          34          70  0.97622510017717679     
          34          71  0.97801726834602409     
          34          72  0.97597129708657970     
          35          73  0.96008200006350597     
          37          74  0.96673973278578085     
          38          75  0.96890310137898794     
          39          76  0.96917017774919323     
          40          77  0.96523236853663463     
