   -0.11867983
    0.07656286
   -0.26334801
    0.13064755
   -0.07349405
    0.01394795
   -0.03060570
   -0.02007667
   -0.02306553
   -0.02865433
    0.00574936
   -0.00902037
    0.10609607
   -0.24831599
    0.50184527
   -0.05993662
   -0.04842275
    0.00420616
    0.02017625
   -0.11276238
   -0.06871946
    0.14928869
   -0.24847108
    0.03000890
   -0.08080689
    0.01877189
   -0.11292870
   -0.17423968
    0.04734323
   -0.11618904
   -0.06514822
   -0.10926434
    0.04166887
   -0.11421386
   -0.06038794
   -0.10847923
   -0.24854884
    0.10941695
    0.13238981
   -0.27100788
    0.07678375
   -0.12086975
   -0.07632649
    0.01305888
   -0.03154261
   -0.02048024
   -0.02358643
   -0.02852508
    0.00569243
   -0.00672623
    0.05746279
    0.05359330
    0.05939701
    0.04354134
    0.06147071
    0.06524625
    0.05084760
    0.05481919
    0.05171046
    0.04420178
    0.06710991
    0.06057364
    0.06420521
    0.06596978
    0.05034628
    0.07551284
    0.04440030
    0.04930934
    0.05840779
    0.06222524
    0.04912968
    0.05677336
    0.04592182
    0.06406340
    0.05602641
    0.04827698
    0.05467478
    0.04194200
    0.04451369
    0.05368609
    0.06858587
    0.05878025
    0.05417063
    0.05335971
    0.02631319
    0.05126989
    0.04710951
    0.04508870
    0.04680614
    0.05911380
    0.04372117
    0.05396942
    0.05843649
    0.05268416
    0.06465981
    0.04954229
    0.05433841
    0.05170131
    0.04417966
