           1           2   1.0125816171165414     
           2           3  0.94703742496680365     
           3           4   1.0714752278152346     
           4           5   1.4652838093750342     
           5           6   1.2776106158960059     
           6           7   1.2810159733105255     
           7           8   1.5528590661337420     
           8           9   1.3241638200266292     
           7          10  0.11644035760927643     
           9          10   1.5485118198206926     
           6          11   1.2499659344094016     
          10          11   1.2887848782278035     
          11          12   1.2244537080830806     
           4          13   1.2244573894600781     
          12          13   1.4753408534940835     
          13          14  0.90340529391574809     
          14          15   1.2854545949306710     
          15          16  0.90999001889090336     
          16          17   1.2415510074026739     
          17          18  0.98114600650963468     
          18          19   1.3441400760276030     
          19          20   1.0326801926070630     
          19          21   1.4503293784666449     
          21          22   1.3316560226988701     
          22          23   1.0965189564424813     
          23          24  0.97700499567989074     
          22          25   1.3571617499599689     
          18          26   1.3729290679920871     
          25          26   1.4168126512091419     
          26          27   1.0303508583253400     
          15          28   1.2224962434071489     
          28          29  0.93495996710705342     
          29          30   1.0077428936555766     
          29          31  0.98731451378548851     
          31          32   1.0168022598049766     
          28          33  0.94271693379002564     
          33          34   1.0057340532514287     
          33          35  0.98919634017425329     
          35          36   1.0180595480165862     
          15          37   1.3048341587425456     
          37          38  0.88860026057493857     
          38          39   1.2214733028404248     
          39          40   1.0741964848316752     
          40          41  0.95187262588946542     
          41          42   1.0118746186065808     
          39          43   1.4655742522885931     
          43          44   1.2768305789028203     
          44          45   1.2807217880731228     
          45          46   1.5527670997261409     
          46          47   1.3246251912664309     
          45          48  0.11660923645540582     
          47          48   1.5480959623095556     
          44          49   1.2525095387827556     
          48          49   1.2889230893058410     
          12          50   1.0329745593688213     
          38          50   1.4819887772582592     
          49          50   1.2202429612492620     
           1          51  0.98544564715352134     
           1          52  0.98342357963392468     
           1          53  0.98196656379770841     
           2          54  0.96733214202052498     
           2          55  0.97006407295120733     
           5          56  0.95882209128702744     
           7          57  0.96663811121770182     
           8          58  0.96894372013150831     
           9          59  0.96931653088112346     
          10          60  0.96492313490419823     
          20          61  0.96604316154719816     
          20          62  0.94086643850296980     
          20          63  0.98054584111041099     
          21          64  0.96260591142273211     
          24          65  0.97601154302351600     
          24          66  0.97817341670111746     
          24          67  0.97614885936872064     
          25          68  0.96117214092926173     
          27          69  0.96870755956531684     
          27          70  0.95977735976260992     
          27          71  0.98337679921302867     
          29          72  0.93253283934557574     
          30          73  0.97641951743125110     
          30          74  0.97706131233394899     
          30          75  0.97735855356650125     
          31          76  0.97391194005845227     
          31          77  0.97220042046551580     
          32          78  0.98640423051975334     
          32          79  0.98523055531206094     
          32          80  0.98476780495493310     
          33          81  0.94304052599674049     
          34          82  0.97694802632033739     
          34          83  0.98295563264831398     
          34          84  0.97868391095452123     
          35          85  0.95514680526470785     
          35          86  0.97270337804416063     
          36          87  0.98337529677668800     
          36          88  0.98406000821012052     
          36          89  0.98408000075947899     
          41          90  0.96880686362418944     
          41          91  0.96721860615592803     
          42          92  0.98444664112917313     
          42          93  0.98232963617596969     
          42          94  0.98321881315424486     
          43          95  0.95776448103923784     
          45          96  0.96678749644857043     
          46          97  0.96901037635994258     
          47          98  0.96928431591813780     
          48          99  0.96466677689095992     
