   -0.12014459
    0.05288256
   -0.12683818
   -0.16432055
    0.04794625
   -0.12142418
   -0.12223583
    0.50478623
    0.00573327
   -0.04139727
    0.04213942
   -0.03186418
   -0.02234342
   -0.02419987
   -0.02218770
   -0.03172217
   -0.25719519
    0.12170594
   -0.05153353
   -0.02307538
   -0.03494254
    0.01700490
   -0.01317626
    0.02483531
   -0.06076001
   -0.06411115
   -0.06049196
   -0.06583076
    0.01566123
   -0.03865308
   -0.02838746
   -0.05506513
    0.12413947
   -0.01467492
   -0.27993832
    0.05908518
    0.06615077
    0.06272321
    0.04537304
    0.06882478
    0.07253611
    0.04982195
    0.06260699
    0.05237606
    0.06611180
    0.05818277
    0.06488047
    0.04394840
    0.06338079
    0.04945777
    0.05460910
    0.05700680
    0.05497639
    0.04862810
    0.06039609
    0.06899428
    0.06561431
    0.04120988
    0.05298865
    0.05830743
    0.06453073
    0.05385316
    0.04313332
    0.06201857
    0.06403444
    0.06390191
    0.06323588
    0.05677991
