           1           2   1.0038547506886371     
           2           3   1.0034561305020075     
           2           4  0.94113747081731480     
           4           5  0.93357309227078622     
           5           6   1.0077402623588267     
           5           7   1.0000246600737708     
           4           8   1.2572262956079969     
           8           9  0.91716008021304085     
           9          10   1.2548873690868001     
          10          11  0.97379400956456985     
          11          12   1.4095768071186099     
          12          13   1.4396638908492849     
          11          14  0.10294793403422085     
          13          14   1.4351164312605962     
          12          15  0.10928478332523266     
          14          15   1.4362901148570930     
          11          16   1.3984366037970237     
          13          16  0.10880349549895978     
          15          16   1.4408183250596605     
           8          17   1.3038112339010000     
          17          18  0.87556793627217333     
          18          19   1.3822803802225174     
          19          20   1.4475337092477929     
          20          21   1.4219416836544119     
          19          22  0.10573880817957623     
          21          22   1.4379064365959642     
          18          23   1.4031445400644800     
          20          23  0.10433379554357410     
          22          23   1.3478697455648465     
          23          24  0.99136431334737618     
          24          25  0.95624006503749615     
          22          26   1.0164256128502411     
          25          26   1.0021790546006319     
          24          27  0.95690657328518269     
          27          28   1.0022188149916469     
          28          29   1.0168303627243986     
          29          30   1.4392324151879574     
          30          31   1.4199929296294966     
          29          32  0.10647348556151535     
          31          32   1.4511628976647051     
          32          33   1.3809104523980389     
          24          34  0.98955940522402452     
          29          34   1.3466173329627100     
          31          34  0.10464710881673811     
          33          34   1.4030365797201370     
           8          35   1.2607000189893631     
          33          35  0.87991839117020509     
           1          36  0.97938916946091892     
           1          37  0.97902666648354064     
           1          38  0.97718309370118206     
           2          39  0.94085329529108175     
           3          40  0.98012303152437497     
           3          41  0.97774361595662329     
           3          42  0.96026618496727445     
           5          43  0.94999382713464486     
           6          44  0.98237679496040142     
           6          45  0.97873983740389026     
           6          46  0.97840350545971999     
           7          47  0.97971588101151774     
           7          48  0.98277921672958990     
           7          49  0.98086461250548795     
          12          50  0.95390006173356590     
          13          51  0.96761821658472913     
          14          52  0.96872987842544367     
          15          53  0.96749159879232161     
          16          54  0.96509198808421848     
          19          55  0.96142316989261234     
          20          56  0.96721265317517524     
          21          57  0.96591654094156498     
          25          58  0.97580472859821865     
          25          59  0.97693335675180037     
          26          60  0.96552262622878848     
          26          61  0.95484239792593795     
          27          62  0.97703772451908510     
          27          63  0.97849563779167403     
          28          64  0.96511407579474551     
          28          65  0.95475581826204492     
          30          66  0.96608792047335368     
          31          67  0.96784986112697657     
          32          68  0.96189857610924201     
