   -0.12850516
    0.04348230
   -0.12433930
   -0.14063368
    0.04982590
   -0.11821104
   -0.12161405
    0.28694670
   -0.05811065
   -0.05473917
    0.03780698
   -0.03246039
   -0.02372967
   -0.02355001
   -0.02385680
   -0.03307379
   -0.11969466
   -0.04130421
    0.05241803
   -0.04462539
   -0.03047459
    0.01397989
   -0.02972998
   -0.02260147
   -0.02370086
   -0.03287268
    0.01250784
   -0.00686913
   -0.00799802
    0.05079915
   -0.05167889
   -0.03344367
    0.01315778
   -0.03041227
   -0.02180251
   -0.02223478
   -0.03221016
    0.01230782
   -0.12656611
   -0.03080676
    0.06045884
    0.06619466
    0.05392027
    0.06588076
    0.05483365
    0.07064822
    0.05297895
    0.05199488
    0.06078955
    0.04341417
    0.05929565
    0.04879300
    0.05694622
    0.06626135
    0.05085178
    0.05677431
    0.05737901
    0.05359293
    0.04561271
    0.06986773
    0.06056784
    0.06992134
    0.04269763
    0.05564777
    0.04915803
    0.05059323
    0.04631042
    0.03697993
    0.03992753
    0.05270839
    0.04814086
    0.05128732
    0.04838836
    0.03916588
    0.06182815
    0.05589051
    0.06291562
