           1           2   1.0043457546952963     
           2           3   1.0077372526428978     
           2           4  0.94116518967496809     
           4           5  0.93252577825248950     
           5           6   1.0047245141710945     
           5           7   1.0035708654233952     
           4           8   1.2567858912008321     
           8           9  0.96842263228021508     
           9          10   1.1678801377436017     
          10          11  0.98250389956652695     
          11          12   1.4046073777605397     
          12          13   1.4427371617283218     
          11          14  0.10222488870391234     
          13          14   1.4335511213187297     
          12          15  0.10938606825748409     
          14          15   1.4373788573325803     
          11          16   1.3994539734973024     
          13          16  0.10853651108342195     
          15          16   1.4397365455611104     
           8          17   1.2278654261303141     
          17          18  0.97361554436452380     
          17          19  0.96446871095388964     
          19          20   1.2880672250020599     
          20          21   1.5553358321357944     
          21          22   1.2725646246710995     
          22          23   1.2807445798154671     
          23          24   1.5545815470428623     
          24          25   1.3229158174377931     
          23          26  0.11738568648749201     
          25          26   1.5514958790475883     
          22          27   1.2538763240282518     
          26          27   1.2827117731844069     
          19          28   1.4551501000660350     
          21          28  0.10495456106028792     
          27          28   1.2339469939426844     
          28          29   1.0322104938908785     
          29          30   1.4609216179471738     
          30          31   1.2831440700688121     
          29          32  0.10505630015958839     
          31          32   1.5572324404713138     
          32          33   1.2731650209564032     
          33          34   1.2809834827460085     
          34          35   1.5540088473897899     
          35          36   1.3237347684024690     
          34          37  0.11738700294365308     
          36          37   1.5514320654500631     
          29          38   1.2305886749488533     
          33          38   1.2544205038461336     
          37          38   1.2859919588777919     
           8          39   1.2245498829892196     
          30          39  0.96945925721052195     
          39          40  0.97407204392611557     
           1          41  0.96522311478216583     
           1          42  0.97949450503419722     
           1          43  0.98072672194355226     
           2          44  0.95255819387698726     
           3          45  0.96407330461079688     
           3          46  0.97845948118931103     
           3          47  0.98166894179746489     
           5          48  0.93918885465672952     
           6          49  0.98030356458504286     
           6          50  0.97867257398155438     
           6          51  0.98133649729232930     
           7          52  0.97798807583379288     
           7          53  0.97846545507381200     
           7          54  0.97809932904382035     
          12          55  0.96565668100285595     
          13          56  0.96747510088846511     
          14          57  0.96883884810094179     
          15          58  0.96784333089183072     
          16          59  0.96489817320601323     
          18          60  0.96131750039988106     
          18          61  0.97411265979830386     
          18          62  0.97649717524563773     
          20          63  0.96229132643289395     
          21          64  0.96604981559452030     
          23          65  0.96694279586798504     
          24          66  0.96937039071335973     
          25          67  0.96977274581997752     
          26          68  0.96578806889210989     
          31          69  0.96240789352873513     
          32          70  0.96612031333408654     
          34          71  0.96697097737987425     
          35          72  0.96928256779929023     
          36          73  0.96961468069389156     
          37          74  0.96491629396505063     
          40          75  0.96300477371937365     
          40          76  0.97062130757071130     
          40          77  0.97658832064405032     
