   -0.12117743
    0.05694606
   -0.12373832
   -0.15938773
    0.05486363
   -0.11843419
   -0.12526271
    0.49712161
    0.00371661
   -0.05727223
    0.04079620
   -0.03092086
   -0.02236608
   -0.02399065
   -0.02299922
   -0.02940671
   -0.26668904
    0.12166965
   -0.05285650
   -0.03934135
    0.01595422
    0.01414558
   -0.01463407
   -0.01361336
    0.11637045
   -0.05210236
   -0.03515054
    0.01631427
    0.01014108
   -0.06109762
   -0.05599212
   -0.05952284
   -0.06581028
   -0.25985058
   -0.06447397
   -0.05914713
   -0.06000535
   -0.06538469
    0.05785327
    0.06670224
    0.06223652
    0.04291788
    0.05414689
    0.06534746
    0.06499207
    0.04858855
    0.05282866
    0.05995443
    0.06342555
    0.05106858
    0.06424197
    0.05812834
    0.05105555
    0.05377088
    0.05469372
    0.05228078
    0.05029081
    0.05575974
    0.06243105
    0.06191705
    0.06617766
    0.06128878
    0.04325591
    0.04707811
    0.03163105
    0.04290257
    0.04931550
    0.05382703
    0.06085749
    0.05654957
    0.05144056
    0.04227560
    0.04498383
    0.04260628
    0.04725707
    0.06112286
    0.05538672
