           1           2   1.0074946168499519     
           2           3   1.0024094681202549     
           2           4  0.93391960770882154     
           4           5  0.93730563312171489     
           5           6   1.0016879069200872     
           5           7   1.0034986330226836     
           4           8   1.2556038678409909     
           4           9  0.10600826024849568     
           8           9  0.94147993209548975     
           9          10   1.2189690121198655     
          10          11  0.97056882586563420     
          11          12   1.4057155175285807     
          12          13   1.4386260979892869     
          11          14  0.10343265458835682     
          13          14   1.4387612888662364     
          12          15  0.10842229393045329     
          14          15   1.4329249060863480     
          11          16   1.4080896005530614     
          13          16  0.10988616024909187     
          15          16   1.4428657623219405     
           8          17   1.3169010191416350     
          17          18  0.86544790839916919     
          18          19   1.3985343554803422     
          19          20   1.4397970328191281     
          20          21   1.4028756184455333     
          21          22   1.3864002376533311     
          18          23   1.3725839994972910     
          22          23   1.3544461718942837     
          23          24   1.0228162141178960     
          24          25   1.3584490426747673     
          25          26   1.4026550793885084     
          26          27   1.4269327548490787     
          27          28   1.4151396632669575     
          24          29   1.3688611679162130     
          28          29   1.3655690476240716     
          29          30   1.0230655547797836     
          30          31  0.98671140117065692     
          31          32   1.0061594051265252     
          28          33   1.0254220240909553     
          32          33  0.98715063786778023     
           8          34   1.3028653547544247     
          25          34  0.87969683967473900     
          22          35   1.0170978558349113     
          35          36   1.0052298719992374     
          36          37   1.0097931542901883     
          21          38   1.0158676473939967     
          37          38   1.0069616125260141     
           1          39  0.98152499571692120     
           1          40  0.97852674543570917     
           1          41  0.97765333927602160     
           2          42  0.93092804176765687     
           3          43  0.98058071191759910     
           3          44  0.97918552169880246     
           3          45  0.97986530006774675     
           5          46  0.94759122773593152     
           6          47  0.98370999259959679     
           6          48  0.97963810870016566     
           6          49  0.97911537051065478     
           7          50  0.97583528531077479     
           7          51  0.97982460233361890     
           7          52  0.98112611421904106     
          12          53  0.96664375962133298     
          13          54  0.96782508013017399     
          14          55  0.96910328757938657     
          15          56  0.96612238479118817     
          16          57  0.95891406122026623     
          19          58  0.96132369133893669     
          20          59  0.96589062745581800     
          26          60  0.95866540545797752     
          27          61  0.96512816268682633     
          30          62  0.95359559516572900     
          30          63  0.97263344812434549     
          31          64  0.97688022416958831     
          31          65  0.97952398746111324     
          32          66  0.98087129912115256     
          32          67  0.97964556347305309     
          33          68  0.97488005282297152     
          33          69  0.95294477253806409     
          35          70  0.94894793082192730     
          35          71  0.96147111987984202     
          36          72  0.97677250542776883     
          36          73  0.97625062816939656     
          37          74  0.97694291964202140     
          37          75  0.97600635206059283     
          38          76  0.95110811995638378     
          38          77  0.96518288834153210     
