    0.02865701
   -0.24667735
    0.14922893
   -0.06908910
    0.01974717
   -0.11464865
    0.00254669
   -0.03895371
   -0.05552436
    0.51227309
   -0.17611960
    0.05151784
   -0.12359610
   -0.11632777
    0.05546507
   -0.12120482
   -0.11770740
   -0.25692262
    0.11625970
   -0.00788987
    0.00960703
   -0.03204179
   -0.02590439
   -0.02571501
   -0.02694466
   -0.02991475
   -0.03806130
    0.01427913
   -0.02858826
   -0.01977552
   -0.02068593
   -0.02927063
    0.01129212
   -0.00946584
   -0.01200953
    0.12364988
   -0.00646568
    0.01024393
   -0.03101272
   -0.02876164
   -0.02759877
   -0.02802446
   -0.03604288
   -0.04064815
    0.01264792
   -0.02941163
   -0.02082783
   -0.02158157
   -0.03076365
    0.00991041
   -0.27104872
    0.01389531
   -0.11559668
   -0.08331281
    0.05168244
    0.07693722
    0.04571898
    0.06790472
    0.06472127
    0.06996901
    0.06304082
    0.06306342
    0.05744007
    0.06138484
    0.04789297
    0.06389039
    0.04819855
    0.04808874
    0.04239044
    0.06169271
    0.05652540
    0.05704167
    0.05994033
    0.04244981
    0.06144556
    0.04436298
    0.04663397
    0.04737615
    0.04427622
    0.03399147
    0.06218594
    0.05214702
    0.05473308
    0.05202587
    0.04341994
    0.03794056
    0.04367553
    0.04332183
    0.04339534
    0.03320963
    0.06017415
    0.05065750
    0.05362184
    0.05094529
    0.04119241
    0.05214596
    0.05200060
    0.06735276
    0.05070953
