           1           2  0.97572246379528049     
           2           3   1.0996960216006977     
           3           4   1.3320893748612443     
           4           5   1.4489805130774391     
           5           6   1.0307400719644224     
           5           7   1.3450565169617044     
           7           8  0.97693438318459291     
           8           9   1.2442318509582457     
           9          10  0.94639669511846813     
          10          11   1.2166016556600663     
          11          12  0.93931815331504787     
          12          13   1.0054224250923187     
          12          14   1.0069452908373973     
          11          15  0.94521479013767318     
          15          16   1.0042110532743527     
          15          17   1.0055854454941737     
          10          18   1.3234010755369330     
          18          19  0.87838997747841807     
          19          20   1.2590543411160733     
          20          21   1.0310883316269226     
          21          22   1.3813718827360553     
          22          23   1.4441289970067455     
          21          24  0.10519763182630074     
          23          24   1.4362949354112453     
          22          25  0.10804546888652672     
          24          25   1.4356251665969471     
          21          26   1.3920157257227135     
          23          26  0.10880336958798811     
          25          26   1.4468364211737779     
          20          27   1.4896614634315366     
          27          28   1.2878565151162877     
          28          29   1.2759158757762281     
          29          30   1.5569092154723472     
          30          31   1.3212550488061734     
          29          32  0.11678329813918877     
          31          32   1.5511533596353646     
          28          33   1.2473159347321616     
          32          33   1.2863388825277118     
          19          34   1.4704472035473799     
          27          34  0.10442927472395562     
          33          34   1.2321905954915660     
          34          35   1.0265061500266972     
          35          36   1.4687143970046261     
          36          37   1.2591725967190992     
          37          38   1.0399544433561771     
          38          39   1.3913940076528022     
          39          40   1.4458754794022863     
          38          41  0.10569458588380215     
          40          41   1.4372429294168749     
          39          42  0.10896753911991798     
          41          42   1.4323277095248557     
          38          43   1.3854821224305660     
          40          43  0.10904911534697966     
          42          43   1.4488878802631096     
          35          44  0.10393568209513238     
          37          44   1.4835859657447714     
          44          45   1.2904148118623364     
          45          46   1.2742797009966442     
          46          47   1.5580216221702066     
          47          48   1.3205123540619921     
          46          49  0.11688661464235220     
          48          49   1.5516859926183115     
          35          50   1.2326317894202095     
          45          50   1.2472677182477452     
          49          50   1.2856355842948120     
          10          51   1.2635847261424165     
          36          51  0.88627133934381175     
           7          52   1.3700505757245107     
          52          53   1.0304917347644300     
           3          54   1.3563812849704486     
          52          54   1.4166458003495088     
           1          55  0.97594209623086692     
           1          56  0.97803018422234744     
           1          57  0.97636243599020367     
           4          58  0.96264385120394957     
           6          59  0.96155647923766452     
           6          60  0.97510294838730815     
           6          61  0.94452438408556261     
          12          62  0.95340631329958492     
          13          63  0.97401409921240079     
          13          64  0.98094893562093388     
          13          65  0.98177204416276598     
          14          66  0.98013381304547131     
          14          67  0.98242858975316905     
          14          68  0.97709580180527900     
          15          69  0.93156397950788072     
          16          70  0.97971566826159195     
          16          71  0.97891471451005163     
          16          72  0.97682478298005326     
          17          73  0.98079432473700456     
          17          74  0.97331298732835214     
          17          75  0.97956203286517018     
          22          76  0.95920167786558452     
          23          77  0.96911389810352688     
          24          78  0.97017300092483594     
          25          79  0.96960663736545638     
          26          80  0.96740433133636194     
          27          81  0.96373685352073857     
          29          82  0.96662092398184352     
          30          83  0.96887376502416678     
          31          84  0.96929133151346947     
          32          85  0.96513466804838088     
          39          86  0.96883134496249546     
          40          87  0.96880594883725402     
          41          88  0.97056230165278279     
          42          89  0.96983258164921227     
          43          90  0.96807682517144045     
          44          91  0.96302866916937646     
          46          92  0.96675900345877797     
          47          93  0.96898740268292838     
          48          94  0.96939416407045031     
          49          95  0.96504798172745065     
          53          96  0.96586289379637424     
          53          97  0.98117376603555995     
          53          98  0.96115896326503791     
          54          99  0.96152994474770004     
