   -0.03961563
   -0.11241722
    0.05485858
   -0.04891388
   -0.03250914
    0.01234736
   -0.03077413
   -0.02252247
   -0.02271079
   -0.03322304
    0.01213219
   -0.01113822
   -0.00708187
    0.05212718
   -0.04703033
   -0.03373648
    0.01286395
   -0.03035721
   -0.02084773
   -0.02155756
   -0.03149508
    0.01093738
   -0.13070383
   -0.02890308
    0.27152796
   -0.04000943
   -0.05236773
    0.03637290
   -0.02996193
   -0.02290719
   -0.02147628
   -0.02359428
   -0.03234225
   -0.11620288
    0.01016862
   -0.06282496
   -0.06709630
    0.00196310
   -0.03351525
   -0.02907177
   -0.02651617
   -0.05244114
    0.05629614
    0.06986047
    0.07430776
    0.06740348
    0.04999811
    0.05403556
    0.04868323
    0.05094545
    0.04760285
    0.03676118
    0.04144337
    0.05444617
    0.04973428
    0.05360592
    0.05093223
    0.04164784
    0.06084860
    0.06237647
    0.05788436
    0.05480133
    0.05887356
    0.05837199
    0.05213795
    0.04778683
    0.05325699
    0.05542943
    0.05775150
    0.04644524
    0.06442022
    0.05910820
    0.05450508
    0.05735870
    0.05159893
    0.03990659
