           1           2  0.96884171411823872     
           2           3  0.98938092405427558     
           3           4   1.2841790007699538     
           4           5   1.5547260728167360     
           5           6   1.2732941005334062     
           6           7   1.2804524653371037     
           7           8   1.5545430634952295     
           8           9   1.3227316528634676     
           7          10  0.11738966161928970     
           9          10   1.5528847846132199     
           6          11   1.2533735627396916     
          10          11   1.2836671783151670     
           3          12   1.4482193648040564     
           5          12  0.10541770390201885     
          11          12   1.2354513020001061     
          12          13   1.0303075317400818     
          13          14   1.4506512045024282     
          14          15   1.2879469734274915     
          13          16  0.10493865443138990     
          15          16   1.5556147123381927     
          16          17   1.2730507977201795     
          17          18   1.2824529751198575     
          18          19   1.5529342208226506     
          19          20   1.3238301281220770     
          18          21  0.11689013834477828     
          20          21   1.5511147451271599     
          13          22   1.2343469231329876     
          17          22   1.2520030420655635     
          21          22   1.2857987109817810     
          14          23  0.94380743715778881     
          23          24  0.97477832661049957     
           2          25   1.2268876866598839     
          23          25   1.2157645120808100     
          25          26   1.0169342234147039     
          26          27   1.1402330895536703     
          27          28  0.97424710107233281     
          28          29   1.4061041690115510     
          29          30   1.4432580326913875     
          28          31  0.10285539903423491     
          30          31   1.4330118538611722     
          29          32  0.10976547188407185     
          31          32   1.4389368062037506     
          28          33   1.4076986201307020     
          30          33  0.10890150203443451     
          32          33   1.4379044090012856     
          25          34   1.2071410088605121     
          34          35  0.95017463394996937     
          35          36   1.0025849436961993     
          36          37   1.0075042458653281     
          37          38   1.0128470111821939     
          38          39   1.4114854094138602     
          39          40   1.4464276988691922     
          38          41  0.10557751299804413     
          40          41   1.4274815224416286     
          39          42  0.10561713156780191     
          41          42   1.4443722891929427     
          34          43   1.0107662885046214     
          38          43   1.3602507965924258     
          42          43   1.3766067502311223     
           1          44  0.95945585663889354     
           1          45  0.97691768658475331     
           1          46  0.96954545361619704     
           4          47  0.96209491843678041     
           5          48  0.96614319159946649     
           7          49  0.96692981797408684     
           8          50  0.96932664445159600     
           9          51  0.96966495288250054     
          10          52  0.96529584668369728     
          15          53  0.96346611624443323     
          16          54  0.96609873575484473     
          18          55  0.96683571398124191     
          19          56  0.96905892634341906     
          20          57  0.96934213911209388     
          21          58  0.96544473163735534     
          24          59  0.97630240417697922     
          24          60  0.97626933882778311     
          24          61  0.96776606682045807     
          29          62  0.96682110235877883     
          30          63  0.96726125460837009     
          31          64  0.96873852966507301     
          32          65  0.96811215730954625     
          33          66  0.96326981937834510     
          35          67  0.96759735905790389     
          35          68  0.95986511665854568     
          36          69  0.97182052756994042     
          36          70  0.97164968155061393     
          37          71  0.96438599781132883     
          37          72  0.95757422745772081     
          39          73  0.96736446773987350     
          40          74  0.96845734260680028     
          41          75  0.96926941610202688     
          42          76  0.92710911856159328     
