   -0.11583395
    0.02604167
   -0.03616724
   -0.02678151
   -0.03848575
    0.03513295
   -0.05543415
   -0.07045639
    0.32203153
   -0.14894206
    0.03805613
   -0.12857291
   -0.12736502
    0.08593545
   -0.11982854
   -0.12873745
   -0.12347536
   -0.12516491
   -0.04075483
    0.05372507
   -0.04861226
   -0.03084144
    0.01348350
   -0.02960737
   -0.02334463
   -0.02446264
   -0.03385819
    0.01254104
   -0.00972973
   -0.01124560
    0.05316743
   -0.05316963
   -0.03405476
    0.01163957
   -0.03093903
   -0.02251932
   -0.02255025
   -0.03208022
    0.01174476
   -0.13135048
   -0.03019936
   -0.04478739
    0.04925895
    0.06596946
    0.05764788
    0.05430287
    0.05411047
    0.04749496
    0.07175121
    0.05058171
    0.05904531
    0.06487670
    0.06927218
    0.05298198
    0.05879754
    0.05210264
    0.04094409
    0.06309602
    0.06468672
    0.05822158
    0.05642416
    0.04844137
    0.05602678
    0.06678869
    0.07042237
    0.05550157
    0.07450898
    0.04493517
    0.05393690
    0.04830063
    0.04916786
    0.04331141
    0.03346713
    0.03869696
    0.05179855
    0.04710800
    0.05012024
    0.04746493
    0.03828569
    0.06379104
    0.06803513
    0.04964555
    0.04453186
