           1           2   1.0301434873122621     
           2           3   1.3999414705163160     
           3           4   1.4459547104744124     
           2           5  0.10508662373434910     
           4           5   1.4334019609606528     
           3           6  0.10014459353508810     
           5           6   1.4049041206703439     
           6           7  0.97886035810850802     
           7           8   1.1774188678947539     
           8           9  0.96089784752712148     
           9          10   1.2604313669214797     
          10          11  0.93396457285338563     
          11          12   1.0051214304957810     
          11          13   1.0078709367895158     
          10          14  0.90803727117763855     
          14          15  0.99654854046819985     
          14          16  0.99953785987312660     
          14          17  0.99247761996773054     
           9          18   1.1892100986640866     
          18          19  0.97115143328492859     
          18          20  0.97642619339248993     
          20          21   1.2839545299235273     
          21          22   1.5563403599091805     
          22          23   1.2728870498405602     
          23          24   1.2795895376505957     
          24          25   1.5554045861884744     
          25          26   1.3223308204926387     
          24          27  0.11738868839896426     
          26          27   1.5518958925833477     
          23          28   1.2549059914131415     
          27          28   1.2811219452414773     
          20          29   1.4535636035176382     
          22          29  0.10551924696443690     
          28          29   1.2324865431419056     
          29          30   1.0306124081064352     
          30          31   1.4492700616202361     
          31          32   1.2740231982902688     
          30          33  0.10538027313874035     
          32          33   1.5581972018839778     
          33          34   1.2728321614445912     
          34          35   1.2806774265500243     
          35          36   1.5543011934127196     
          36          37   1.3232573215685295     
          35          38  0.11740758326138515     
          37          38   1.5520788464792388     
          30          39   1.2316898603999498     
          34          39   1.2545268453939142     
          38          39   1.2850452161440358     
           9          40   1.1855951028952212     
          31          40  0.98627477596844537     
          40          41  0.97373872709915765     
           2          42   1.4094552994370912     
           4          42  0.10361108358163612     
           6          42   1.4026923195802068     
           1          43  0.98326219127752790     
           1          44  0.96191283653023674     
           1          45  0.97448232796120515     
           3          46  0.96792038656863877     
           4          47  0.96748458731954745     
           5          48  0.96653253906755499     
          11          49  0.94991075673867109     
          12          50  0.97906771336690823     
          12          51  0.96675022847093839     
          12          52  0.97953329870204220     
          13          53  0.97813258361630684     
          13          54  0.98141112894831084     
          13          55  0.96201049151967399     
          15          56  0.98039876159137873     
          15          57  0.97766493433240564     
          15          58  0.97908793929248827     
          16          59  0.97663004252996877     
          16          60  0.97548871636498280     
          16          61  0.94647113755696366     
          17          62  0.97911220067108085     
          17          63  0.97701058169449495     
          17          64  0.97729187883950985     
          19          65  0.96313057914980105     
          19          66  0.97232335853082241     
          19          67  0.97728485573006507     
          21          68  0.96258138772131996     
          22          69  0.96619698400949527     
          24          70  0.96699428412007149     
          25          71  0.96950246935323448     
          26          72  0.96997532609497816     
          27          73  0.96494001593535850     
          32          74  0.96338541479475448     
          33          75  0.96621935567650619     
          35          76  0.96710840535245568     
          36          77  0.96941710088182165     
          37          78  0.96968639014976332     
          38          79  0.96533309447615889     
          41          80  0.96086503164685366     
          41          81  0.97662529781976093     
          41          82  0.97055223450212247     
          42          83  0.96132585888402822     
