   -0.11626424
    0.02625611
   -0.05407898
    0.01264357
   -0.10921919
    0.00872336
   -0.05759297
   -0.07806029
    0.29019519
   -0.13720986
   -0.03843730
    0.08484874
   -0.12374801
   -0.12962065
   -0.12470462
   -0.12957008
   -0.02953763
    0.05145298
   -0.05500047
   -0.03379648
    0.01208311
   -0.03072640
   -0.02240135
   -0.02258502
   -0.03261251
    0.01180436
   -0.01098803
   -0.00666784
    0.05126176
   -0.04438589
   -0.02989480
    0.01488487
   -0.02988460
   -0.02270619
   -0.02367649
   -0.03196459
    0.01328026
   -0.12390755
   -0.04048786
    0.01654495
   -0.11208936
   -0.05298919
    0.05392930
    0.06584584
    0.05600796
    0.04683559
    0.04811337
    0.04865062
    0.05593107
    0.06777526
    0.07192180
    0.05471250
    0.05122470
    0.06834549
    0.05633161
    0.07157365
    0.06187380
    0.05806886
    0.05013780
    0.06537926
    0.04734483
    0.04808986
    0.07464698
    0.06200426
    0.04022769
    0.05169291
    0.04726602
    0.05019694
    0.04742015
    0.03841298
    0.04155288
    0.05474047
    0.04852890
    0.04995618
    0.04656846
    0.03937710
    0.06842557
    0.05938680
    0.07086599
    0.05445450
    0.06013264
    0.05607921
    0.05079940
