           1           2   1.0326779078141040     
           2           3   1.3980654132107153     
           3           4   1.4235887322636918     
           4           5   1.0295079489823542     
           4           6   1.3596115851835142     
           6           7  0.98778995149401061     
           7           8   1.1489238217978777     
           8           9  0.97669749933576888     
           9          10   1.2346963199275649     
          10          11  0.96928429204195121     
          10          12  0.92204882869775806     
          12          13  0.99499197210072987     
          12          14  0.99868768081228065     
          12          15  0.99513153996419812     
           9          16   1.1945031203587941     
          16          17  0.97270984555761886     
          16          18  0.98262859560267435     
          18          19   1.2822571951022224     
          19          20   1.5550618615016152     
          20          21   1.2748626826788543     
          21          22   1.2796163485492011     
          22          23   1.5554005819262144     
          23          24   1.3222501763302297     
          22          25  0.11750777483556674     
          24          25   1.5531759062565413     
          21          26   1.2538837416658040     
          25          26   1.2835712412338618     
          18          27   1.4499290747951012     
          20          27  0.10582932613549641     
          26          27   1.2344944966793292     
          27          28   1.0316453186665475     
          28          29   1.4556897736099488     
          29          30   1.2897447171348921     
          28          31  0.10605406649255811     
          30          31   1.5538141404986161     
          31          32   1.2739581693781801     
          32          33   1.2803329221024828     
          33          34   1.5549906720746047     
          34          35   1.3227025932240104     
          33          36  0.11755948993410585     
          35          36   1.5523945757934985     
          28          37   1.2332227722389280     
          32          37   1.2538526024646879     
          36          37   1.2835628971142838     
           9          38   1.2274903348321129     
          29          38  0.95900988093112460     
          38          39  0.97340870615415731     
           6          40   1.3673121971520508     
          40          41   1.0317144740370048     
           2          42   1.4045310547618528     
          40          42   1.4168305559024184     
           1          43  0.98019276498744734     
           1          44  0.95889463178127787     
           1          45  0.97831540127295002     
           3          46  0.96441524605499640     
           5          47  0.96785752135800973     
           5          48  0.98217746901522396     
           5          49  0.96320366812375191     
          11          50  0.95675643692683965     
          11          51  0.97238808657620635     
          11          52  0.97677048559613944     
          13          53  0.98196750683538148     
          13          54  0.97777194771938269     
          13          55  0.98223206823412235     
          14          56  0.97774110656932356     
          14          57  0.94617729409702123     
          14          58  0.97992874055920109     
          15          59  0.97042623792305083     
          15          60  0.98023731757907739     
          15          61  0.98270696815291014     
          17          62  0.97386026664597125     
          17          63  0.97604263370422761     
          17          64  0.96286875998499011     
          19          65  0.96431717689180951     
          20          66  0.96624502987828542     
          22          67  0.96707512184495337     
          23          68  0.96939911590835715     
          24          69  0.96968354609134821     
          25          70  0.96515657889369932     
          30          71  0.96332034437528458     
          31          72  0.96609838394462733     
          33          73  0.96696145542464229     
          34          74  0.96940677180319546     
          35          75  0.96977945833298040     
          36          76  0.96510773704084385     
          39          77  0.97003326467345419     
          39          78  0.97607952200798098     
          39          79  0.97637786961596351     
          41          80  0.96040227290443503     
          41          81  0.97710411099317807     
          41          82  0.97338629473656202     
          42          83  0.96450385460609178     
