   -0.04419415
   -0.11292298
    0.05348847
   -0.04851466
   -0.03240679
    0.01249279
   -0.03062983
   -0.02253235
   -0.02315222
   -0.03308968
    0.01204322
   -0.00930598
   -0.00994282
    0.05156954
   -0.05038194
   -0.03432642
    0.01219531
   -0.03050358
   -0.02141412
   -0.02172843
   -0.03181963
    0.01129864
   -0.13078911
   -0.03167403
    0.29947595
   -0.05513159
   -0.05259669
    0.03591966
   -0.03011509
   -0.02301782
   -0.02097504
   -0.02277965
   -0.03125287
   -0.13304099
    0.00578810
   -0.06808211
   -0.06292860
   -0.06344554
    0.00155396
    0.08009827
    0.06375920
    0.07213712
    0.04927240
    0.05460679
    0.04891769
    0.05090390
    0.04710829
    0.03671928
    0.03993505
    0.05331554
    0.04902442
    0.05252009
    0.04976987
    0.03960321
    0.06146231
    0.05102993
    0.07099195
    0.05531685
    0.05935207
    0.05869159
    0.05214373
    0.04764698
    0.05289447
    0.05824166
    0.05582866
    0.04568985
    0.05498724
    0.05032825
    0.03892180
    0.05940288
    0.06149804
    0.06474968
