           1           2  0.96781849123560626     
           2           3  0.97856233532666792     
           3           4   1.2839833287211253     
           4           5   1.5583170549650240     
           5           6   1.2706640071653055     
           6           7   1.2812953086214973     
           7           8   1.5532690246645382     
           8           9   1.3241902301888930     
           7          10  0.11726361992486280     
           9          10   1.5511305136607341     
           6          11   1.2535647424985770     
          10          11   1.2857280599950773     
           3          12   1.4565384525850491     
           5          12  0.10515396710326465     
          11          12   1.2299159265310340     
          12          13   1.0307777510283767     
          13          14   1.4490875700481614     
          14          15   1.2860305193798500     
          13          16  0.10570455936858383     
          15          16   1.5487157042544928     
          16          17   1.2760565997132329     
          17          18   1.2803275876501863     
          18          19   1.5547141146843333     
          19          20   1.3223904243917508     
          18          21  0.11715012854321151     
          20          21   1.5525463756458231     
          13          22   1.2357184946644857     
          17          22   1.2516136364746133     
          21          22   1.2843368049386665     
          14          23  0.96240275435845180     
          23          24  0.97317635594635443     
           2          25   1.2422814526744856     
          23          25   1.1815877236655699     
          25          26   1.0221867792204888     
          26          27   1.1331137360432562     
          27          28  0.97577436321140387     
          28          29   1.4047896951120087     
          29          30   1.4434062348150349     
          28          31  0.10262738981013403     
          30          31   1.4327332670788031     
          29          32  0.10975889230273175     
          31          32   1.4390745912299574     
          28          33   1.4072537166485775     
          30          33  0.10872360550216685     
          32          33   1.4382461300333196     
          25          34   1.2465516027257608     
          34          35  0.95582358754020758     
          35          36   1.0013501068718771     
          36          37   1.0087961443620850     
          37          38   1.0076135303922000     
          34          39  0.96438329562055480     
          38          39   1.0020944923458988     
           1          40  0.97633528749589238     
           1          41  0.97252224682472344     
           1          42  0.96752127245631891     
           4          43  0.96292107052941311     
           5          44  0.96609478043752139     
           7          45  0.96690585277020813     
           8          46  0.96932131590169435     
           9          47  0.96971500005752642     
          10          48  0.96524501872660018     
          15          49  0.96183808006539884     
          16          50  0.96621647611866734     
          18          51  0.96693207012905158     
          19          52  0.96918089102161076     
          20          53  0.96945871065572486     
          21          54  0.96558746558220521     
          24          55  0.96640030239275754     
          24          56  0.97453326727943690     
          24          57  0.97723977119567174     
          29          58  0.96690602920814961     
          30          59  0.96722450823888551     
          31          60  0.96870225920720232     
          32          61  0.96808954898211896     
          33          62  0.96365265784966292     
          35          63  0.96065815928131826     
          35          64  0.96539993025305260     
          36          65  0.97126988649040114     
          36          66  0.96508924122732054     
          37          67  0.97454105468750651     
          37          68  0.97544339089022802     
          38          69  0.97312074957295858     
          38          70  0.97191192079796040     
          39          71  0.94886769015852335     
          39          72  0.96533172722162641     
