   -0.11904509
    0.04984533
   -0.12211654
   -0.13950853
    0.04282259
   -0.12469607
   -0.13061657
    0.29369738
   -0.03330572
   -0.03645739
    0.03849557
   -0.02978133
   -0.01642466
   -0.01828304
   -0.02004939
   -0.02902230
    0.49051415
   -0.19146246
   -0.21842354
   -0.19419014
   -0.12851904
   -0.03381821
    0.05000323
   -0.05178796
   -0.03341559
    0.01318017
   -0.03035768
   -0.02163458
   -0.02208757
   -0.03235382
    0.01235773
   -0.00870211
   -0.00765137
    0.05154485
   -0.04495264
   -0.03081668
    0.01329564
   -0.02996245
   -0.02314256
   -0.02465542
   -0.03476284
    0.01099875
   -0.12104273
   -0.04272202
    0.06115327
    0.06074035
    0.04445895
    0.05156152
    0.05817291
    0.06674474
    0.04913341
    0.06693966
    0.05285689
    0.07244368
    0.05511898
    0.06767474
    0.05586528
    0.06527004
    0.06481824
    0.07035264
    0.07594577
    0.08248392
    0.06548110
    0.05800429
    0.05945312
    0.04093299
    0.05352251
    0.04874184
    0.05196078
    0.04901193
    0.03957826
    0.04442551
    0.05730037
    0.05049618
    0.05143367
    0.04647841
    0.03742529
    0.07070515
    0.06167379
    0.07065247
