           1           2   1.0048181661679498     
           2           3   1.0036052435101921     
           2           4  0.93116421433141205     
           4           5  0.93839122337968284     
           5           6   1.0079954952356935     
           5           7   1.0049131599286356     
           4           8   1.2614425302466727     
           8           9  0.96686037719458984     
           9          10   1.1734906943842300     
          10          11  0.99763185092057272     
          11          12   1.3947760096551514     
          12          13   1.4440379477729186     
          11          14  0.10131312521650840     
          13          14   1.4311324141176693     
          12          15  0.10528504646706394     
          14          15   1.4386284152957873     
          11          16   1.3786249994383939     
          13          16  0.10384724042938498     
          15          16   1.4117302964019280     
          16          17  0.94915166755886970     
          17          18  0.96430248639183935     
          17          19  0.92393430363102480     
          17          20  0.95593251145002767     
           8          21   1.2201051464196171     
          21          22  0.97448343056193887     
          21          23  0.96924362601393366     
          23          24   1.2837084537811176     
          24          25   1.5569446962566862     
          25          26   1.2734040977411603     
          26          27   1.2809461026161728     
          27          28   1.5540518311574871     
          28          29   1.3235615950832154     
          27          30  0.11733958251900993     
          29          30   1.5515758838054765     
          26          31   1.2540867150530404     
          30          31   1.2856809477863564     
          23          32   1.4598522348375036     
          25          32  0.10501446470826735     
          31          32   1.2312818030950488     
          32          33   1.0321351152847784     
          33          34   1.4554453937682290     
          34          35   1.2877547346063818     
          33          36  0.10522610575747293     
          35          36   1.5549349170567961     
          36          37   1.2727280908959884     
          37          38   1.2807489798444627     
          38          39   1.5545917218239458     
          39          40   1.3229410830027057     
          38          41  0.11739648350173229     
          40          41   1.5514020396651942     
          33          42   1.2336856884476812     
          37          42   1.2537342194690173     
          41          42   1.2818520029921296     
           8          43   1.2248198649677877     
          34          43  0.96481122417327358     
          43          44  0.97323616709575855     
           1          45  0.98018552929446512     
           1          46  0.98113252447405164     
           1          47  0.97850267458408446     
           2          48  0.93871619213467239     
           3          49  0.97829257770370848     
           3          50  0.97800512297569009     
           3          51  0.97795365557417435     
           5          52  0.95209832426271901     
           6          53  0.98155588637389024     
           6          54  0.97798143956684080     
           6          55  0.96262279268315076     
           7          56  0.97883536638858237     
           7          57  0.98020978607479847     
           7          58  0.96386710896495265     
          12          59  0.96008052918769060     
          13          60  0.96568893564589198     
          14          61  0.96589233661148621     
          15          62  0.96211277700941034     
          22          63  0.96311122816500394     
          22          64  0.97707971620272327     
          22          65  0.97026813340505991     
          24          66  0.96210040595036794     
          25          67  0.96604304057353629     
          27          68  0.96691533736828938     
          28          69  0.96921673570638500     
          29          70  0.96955082641906731     
          30          71  0.96495638311621401     
          35          72  0.96202740148881394     
          36          73  0.96585914614564561     
          38          74  0.96680587052592326     
          39          75  0.96928071351591250     
          40          76  0.96975146620774999     
          41          77  0.96566714790974539     
          44          78  0.97648791767597209     
          44          79  0.97399645159142012     
          44          80  0.96117748985525631     
