   -0.12400293
    0.04419916
   -0.12774843
   -0.17056709
    0.04963249
   -0.12404442
   -0.12657369
    0.57595207
   -0.06747318
   -0.00326940
    0.03413007
   -0.03644686
   -0.02252536
   -0.04369997
    0.17765125
   -0.20659569
   -0.05059699
   -0.25455799
    0.11846846
   -0.05434564
   -0.02735304
   -0.03969785
    0.01426128
   -0.01456539
    0.02394193
   -0.06118227
   -0.06607099
   -0.06017888
   -0.06690388
    0.01730110
   -0.03708825
   -0.02750261
   -0.05420659
    0.12198101
   -0.01426661
   -0.27458295
    0.06919534
    0.05541796
    0.05154042
    0.07052829
    0.05224726
    0.07015403
    0.05529603
    0.04602729
    0.06204741
    0.06796354
    0.05702346
    0.04786441
    0.06081338
    0.07102147
    0.06635002
    0.07145339
    0.08052598
    0.07585011
    0.06161847
    0.06691325
    0.06288019
    0.05684583
    0.04606826
    0.06470458
    0.06612171
    0.04194558
    0.05490401
    0.06644913
    0.06346682
    0.06597556
    0.06610384
    0.06321112
