           1           2   1.0068559012814733     
           2           3   1.0068513268299288     
           2           4  0.93528771430050817     
           4           5  0.93686527096680206     
           5           6   1.0034421395461761     
           5           7   1.0062677603107262     
           4           8   1.2421951859233111     
           8           9  0.96392096766307722     
           9          10   1.1769771737101402     
          10          11  0.98308400228439741     
          11          12   1.4076986972150620     
          12          13   1.4397817580762464     
          11          14  0.10143292059207587     
          13          14   1.4362063010677040     
          14          15   1.3924256852981935     
          15          16  0.97319667006175348     
          11          17   1.4095406858468655     
          13          17  0.10743769809235164     
          15          17   1.3919315442088633     
           8          18   1.2989577078125154     
          18          19  0.87701819800181913     
          19          20   1.3823021422335111     
          20          21   1.4503679642781246     
          21          22   1.4207280723876001     
          20          23  0.10669457948495786     
          22          23   1.4383127767615693     
          19          24   1.4052889764005532     
          21          24  0.10428593046137478     
          23          24   1.3449845169337404     
          24          25  0.99275880219586732     
          25          26  0.95449563714325647     
          23          27   1.0178684094197010     
          26          27   1.0021457586293914     
          25          28  0.95681711558506866     
          28          29   1.0021825416646084     
          29          30   1.0170133170764959     
          30          31   1.4399005437560850     
          31          32   1.4199034495747735     
          30          33  0.10623010825280674     
          32          33   1.4501613843541323     
          33          34   1.3836424956844240     
          25          35  0.98913795417333672     
          30          35   1.3446810045757311     
          32          35  0.10468009513257860     
          34          35   1.4041094845178668     
           8          36   1.2843878106060238     
          34          36  0.86633433697317253     
           1          37  0.97928353290479431     
           1          38  0.97861807736210116     
           1          39  0.98387533304527774     
           2          40  0.95436755989317767     
           3          41  0.97932254590737966     
           3          42  0.97929188446015814     
           3          43  0.97592848928132869     
           5          44  0.94565454981233554     
           6          45  0.97921772333638368     
           6          46  0.97964091669136455     
           6          47  0.98008277388124720     
           7          48  0.97807886000306166     
           7          49  0.98082652911357893     
           7          50  0.97872007955127160     
          12          51  0.96548823894474989     
          13          52  0.96555343832029539     
          14          53  0.96377283292751037     
          17          54  0.96293768535787450     
          20          55  0.96314792107412450     
          21          56  0.96744538358210408     
          22          57  0.96607262016991835     
          26          58  0.97619699195487775     
          26          59  0.97707238770050053     
          27          60  0.96391663815435458     
          27          61  0.95317681034454638     
          28          62  0.97842990594748902     
          28          63  0.97683983818550579     
          29          64  0.95436374881705666     
          29          65  0.96433778877571730     
          31          66  0.96569212264983995     
          32          67  0.96742131319410041     
          33          68  0.96142710592234715     
