   -0.12745850
    0.03718210
   -0.12960160
   -0.14708811
    0.08589349
   -0.12098107
   -0.12450913
   -0.12961417
    0.32691427
   -0.06613742
   -0.02801375
    0.04422626
   -0.02938760
   -0.01805889
    0.00539989
    0.55076601
   -0.36725831
   -0.36762290
   -0.01934059
   -0.03055359
   -0.13327763
   -0.03162747
    0.05086056
   -0.05330554
   -0.03285191
    0.01278458
   -0.03010291
   -0.02140892
   -0.02163170
   -0.03207550
    0.01233248
   -0.01139929
   -0.00999204
    0.05084484
   -0.04976293
   -0.03132717
    0.01282304
   -0.03007221
   -0.02274683
   -0.02425602
   -0.03520725
    0.01094837
   -0.12298024
   -0.04211699
    0.05459339
    0.07187812
    0.05776401
    0.07466675
    0.05778315
    0.06752661
    0.05239335
    0.04117234
    0.05393543
    0.06566865
    0.05769881
    0.06868333
    0.04888674
    0.05713623
    0.06729349
    0.05862047
    0.06451587
    0.09614083
    0.09768585
    0.06632740
    0.05455436
    0.06184273
    0.06539879
    0.04005529
    0.05494693
    0.04960831
    0.05258240
    0.04936808
    0.03874349
    0.04522609
    0.05585140
    0.05024054
    0.05245169
    0.04827246
    0.03658349
    0.07137018
    0.07647503
    0.05685018
