           1           2   1.0083426209578494     
           2           3   1.0050936170843214     
           2           4  0.93223674594853767     
           4           5  0.90421506477946323     
           5           6  0.99701847179798697     
           5           7  0.99259479568266773     
           5           8  0.99960937108565995     
           4           9   1.2679615378620452     
           9          10  0.93811014938966986     
          10          11   1.1780328718500070     
          11          12   1.0069685346924635     
          12          13   1.3873485872430602     
          13          14   1.4547399956626421     
          14          15   1.3858080599603402     
          15          16  0.94934754999914861     
          16          17   1.4621765787238532     
          16          18   1.4623052369040248     
          17          18  0.37489442550416741     
          13          19  0.10341847737371640     
          15          19   1.3850238653186386     
          12          20   1.3931262322086109     
          14          20  0.10335141347070098     
          19          20   1.4537984046112802     
           9          21   1.1911716449793452     
          21          22  0.97449718725662193     
          21          23  0.98020051676159947     
          23          24   1.2747503518215690     
          24          25   1.5568472465186607     
          25          26   1.2735774630096608     
          26          27   1.2806294692587725     
          27          28   1.5541477014611289     
          28          29   1.3233114981363452     
          27          30  0.11726540709285045     
          29          30   1.5516364832067531     
          26          31   1.2538892564080188     
          30          31   1.2855355159255741     
          23          32   1.4520407233276995     
          25          32  0.10515364842218586     
          31          32   1.2310603211537188     
          32          33   1.0306991823090625     
          33          34   1.4534459342544563     
          34          35   1.2842961054119792     
          33          36  0.10572106350614756     
          35          36   1.5539302250408533     
          36          37   1.2735906723842900     
          37          38   1.2796029120929253     
          38          39   1.5552780154703503     
          39          40   1.3222294333237952     
          38          41  0.11728972279593448     
          40          41   1.5517111211528627     
          33          42   1.2326334707588960     
          37          42   1.2536469931857321     
          41          42   1.2828948216716853     
           9          43   1.2000350682581136     
          34          43  0.97176175906890538     
          43          44  0.97057571846487678     
           1          45  0.98114587232412687     
           1          46  0.97750967727032845     
           1          47  0.96002404008055175     
           2          48  0.94927440558568554     
           3          49  0.96681605798128745     
           3          50  0.97904627822432955     
           3          51  0.97899462031249573     
           6          52  0.97739775697247000     
           6          53  0.98022384943048357     
           6          54  0.97840873350404012     
           7          55  0.97681863674940661     
           7          56  0.97672766466690963     
           7          57  0.97875628414323157     
           8          58  0.94552326285210686     
           8          59  0.97586467587877812     
           8          60  0.97452952679466132     
          13          61  0.96243476206238121     
          14          62  0.95626039589435718     
          19          63  0.95592646650480673     
          20          64  0.96263403234410028     
          22          65  0.96961822608885506     
          22          66  0.96084072985086055     
          22          67  0.97760661896610579     
          24          68  0.96353264492840562     
          25          69  0.96585686579829488     
          27          70  0.96686073421641827     
          28          71  0.96915902344105576     
          29          72  0.96950278465601569     
          30          73  0.96526675263280604     
          35          74  0.96231045816154470     
          36          75  0.96597473377273935     
          38          76  0.96677987849056479     
          39          77  0.96915152203154342     
          40          78  0.96957251106753450     
          41          79  0.96510936917293466     
          44          80  0.96276090503859757     
          44          81  0.97696056462086012     
          44          82  0.97259465432914827     
