   -0.03278872
   -0.12655690
    0.05199559
   -0.04618459
   -0.03409861
    0.01301356
   -0.03054538
   -0.02093604
   -0.02164102
   -0.03169623
    0.01103752
   -0.00692776
   -0.01285196
    0.05552618
   -0.04956419
   -0.03286907
    0.01154187
   -0.03108253
   -0.02311514
   -0.02316714
   -0.03350626
    0.01171446
   -0.11564527
   -0.04043833
    0.27677073
   -0.06250076
   -0.05121802
    0.03623624
   -0.03026255
   -0.02335435
   -0.02175358
   -0.02365172
   -0.03247088
   -0.13173339
   -0.04721081
    0.08478153
   -0.12461311
   -0.12451771
   -0.12523780
    0.05986088
    0.06089612
    0.05992746
    0.03772394
    0.05329649
    0.04934739
    0.05316724
    0.05040096
    0.04091709
    0.04940999
    0.05293936
    0.04793047
    0.05008859
    0.04670330
    0.03572890
    0.06497631
    0.07151612
    0.07434732
    0.05316136
    0.05818420
    0.05778230
    0.05144001
    0.04731882
    0.06992683
    0.06080862
    0.06935307
    0.05473819
    0.06050929
    0.07249230
    0.05151640
    0.06697522
    0.05824240
    0.05046477
    0.05050726
    0.06692315
