           1           2  0.97618531684156962     
           2           3  0.94852039269582467     
           3           4   1.2876538271247560     
           4           5   1.5567730017160804     
           5           6   1.2727194792142407     
           6           7   1.2826273848618761     
           7           8   1.5527445674224012     
           8           9   1.3239834731639528     
           7          10  0.11692152224033027     
           9          10   1.5510263548806369     
           6          11   1.2521888685120688     
          10          11   1.2859848887845915     
           3          12   1.4522584707138795     
           5          12  0.10493840690769093     
          11          12   1.2340108887276036     
          12          13   1.0290358731850604     
          13          14   1.4472181862296216     
          14          15   1.2827702628986077     
          13          16  0.10554461508262260     
          15          16   1.5556275145882092     
          16          17   1.2718783153836508     
          17          18   1.2806536239593034     
          18          19   1.5542534349765504     
          19          20   1.3230007433578077     
          18          21  0.11738858620878692     
          20          21   1.5526739187605383     
          13          22   1.2352225013488189     
          17          22   1.2533686788691518     
          21          22   1.2838071885596569     
          14          23  0.99496385642913965     
          23          24  0.96958891930717295     
           2          25   1.2175117700888265     
          23          25   1.2107945751525957     
          25          26  0.97232015186882692     
          26          27   1.1549682806742105     
          27          28  0.97542910059028909     
          28          29   1.4061034796458334     
          29          30   1.4431172543421702     
          28          31  0.10275285188598375     
          30          31   1.4330128999941945     
          29          32  0.10973793698556605     
          31          32   1.4388184506894510     
          28          33   1.4076080621360283     
          30          33  0.10888600632450729     
          32          33   1.4376696104564020     
          25          34   1.2502753743815700     
          34          35  0.97079982515082086     
          34          36  0.92311041884220124     
          36          37  0.99799097250321211     
          36          38  0.99429089798164549     
          36          39  0.99528721791168384     
           1          40  0.97561263586914959     
           1          41  0.97642471100688655     
           1          42  0.96783372643294086     
           4          43  0.96142902280578701     
           5          44  0.96623417784895982     
           7          45  0.96686918033119018     
           8          46  0.96910923276754801     
           9          47  0.96939907098482148     
          10          48  0.96534710662174450     
          15          49  0.96240363625149739     
          16          50  0.96628093054703190     
          18          51  0.96701699210852488     
          19          52  0.96942102355473292     
          20          53  0.96974789201843015     
          21          54  0.96549747925164286     
          24          55  0.97027918892763609     
          24          56  0.96238018007998671     
          24          57  0.97704764730474480     
          29          58  0.96689810461135639     
          30          59  0.96735016816363995     
          31          60  0.96879418872723777     
          32          61  0.96817350651708201     
          33          62  0.96345275543112385     
          35          63  0.97290284907096880     
          35          64  0.97611495139119786     
          35          65  0.96378807943352540     
          37          66  0.97400103298150320     
          37          67  0.94320056024204024     
          37          68  0.97609864490799625     
          38          69  0.98254238175753950     
          38          70  0.97854760491907544     
          38          71  0.98200797991476219     
          39          72  0.98181376760351524     
          39          73  0.97297626942925297     
          39          74  0.97962205728647900     
