   -0.10955443
    0.01450274
   -0.04195653
   -0.02590929
   -0.04097197
    0.01791944
   -0.11235423
    0.01371515
   -0.06000634
   -0.08098224
    0.32446012
   -0.14981939
    0.03915360
   -0.12603044
   -0.12691215
    0.08630109
   -0.12303281
   -0.12841799
   -0.11928412
   -0.13249705
   -0.03860423
    0.05312601
   -0.04846338
   -0.03081419
    0.01369544
   -0.03046899
   -0.02355912
   -0.02414837
   -0.03331251
    0.01275217
   -0.00961097
   -0.01172814
    0.05283623
   -0.05357112
   -0.03399785
    0.01164657
   -0.03096133
   -0.02247316
   -0.02249755
   -0.03181653
    0.01186147
   -0.13402323
   -0.02795723
    0.04908576
    0.05695256
    0.04965839
    0.04866377
    0.05362131
    0.05235907
    0.05464228
    0.06164096
    0.05631423
    0.07070779
    0.04944797
    0.06302031
    0.05450817
    0.06019867
    0.06858571
    0.05374374
    0.06638140
    0.05544688
    0.04801853
    0.05651240
    0.05825142
    0.06422715
    0.06282761
    0.04099511
    0.05125257
    0.05354256
    0.07377990
    0.06811852
    0.04337418
    0.05307320
    0.04759354
    0.04898639
    0.04548208
    0.03714339
    0.03881620
    0.05164954
    0.04702514
    0.05000525
    0.04744073
    0.03871843
    0.04702774
    0.06127706
    0.07364927
