           1           2   1.0304191907991975     
           2           3   1.4143712618013968     
           3           4   1.4323766687321136     
           2           5  0.10301067393664037     
           4           5   1.4436191854536973     
           3           6  0.10211561097480817     
           5           6   1.4027698860617670     
           6           7   1.0321018264038042     
           2           8   1.3647943252874701     
           6           8   1.3775047034468046     
           8           9  0.98204809217750400     
           9          10   1.1570865022275063     
          10          11  0.98009770730676082     
          11          12   1.2587735880838613     
          12          13  0.93492498627942577     
          13          14   1.0051903305835288     
          13          15   1.0077031908017846     
          12          16  0.90869343241548872     
          16          17  0.99260050998483873     
          16          18  0.99961864682171364     
          16          19  0.99625773470652557     
          11          20   1.1802640778683102     
          20          21  0.97171742684410023     
          20          22  0.97129613384417390     
          22          23   1.2852845753490230     
          23          24   1.5540529542012735     
          24          25   1.2746989855185369     
          25          26   1.2789981882671972     
          26          27   1.5558939705247687     
          27          28   1.3220610640106463     
          26          29  0.11775598347664983     
          28          29   1.5532800446933779     
          25          30   1.2546364783015231     
          29          30   1.2829888368375251     
          22          31   1.4540731054516216     
          24          31  0.10606562594208076     
          30          31   1.2314924935479155     
          31          32   1.0318295094754455     
          32          33   1.4453278960453069     
          33          34   1.2749386229377051     
          32          35  0.10533305722870152     
          34          35   1.5568624838975993     
          35          36   1.2733820342466415     
          36          37   1.2802374217872743     
          37          38   1.5548022160085673     
          38          39   1.3226158997336643     
          37          40  0.11740963809817871     
          39          40   1.5528115708494579     
          32          41   1.2333522180572620     
          36          41   1.2543100388926332     
          40          41   1.2838869971590336     
          11          42   1.1785563976626052     
          33          42  0.98636567460567148     
          42          43  0.97314627703426293     
           1          44  0.96712296004735443     
           1          45  0.96290117363697614     
           1          46  0.98211564670759866     
           3          47  0.96607018729447991     
           4          48  0.96853792179319309     
           5          49  0.96607698694860455     
           7          50  0.96027301724126124     
           7          51  0.97575640988802192     
           7          52  0.97358450584652445     
          13          53  0.94989042702203208     
          14          54  0.97939721338759667     
          14          55  0.97997218350192683     
          14          56  0.96925307330082133     
          15          57  0.95871738960090003     
          15          58  0.97814270144907944     
          15          59  0.98122942547294112     
          17          60  0.97746202828090756     
          17          61  0.97708469274115051     
          17          62  0.97906138545990884     
          18          63  0.94668085567033466     
          18          64  0.97494844852811768     
          18          65  0.97664527473286844     
          19          66  0.97910944344578621     
          19          67  0.97804665199038410     
          19          68  0.98028224370502215     
          21          69  0.97168356464485961     
          21          70  0.97765789895948396     
          21          71  0.96392899726884163     
          23          72  0.96269625082472776     
          24          73  0.96625181074367472     
          26          74  0.96701634052702412     
          27          75  0.96948313795391139     
          28          76  0.96988092210459320     
          29          77  0.96465964751713673     
          34          78  0.96368495107589891     
          35          79  0.96625357151694380     
          37          80  0.96713284360136564     
          38          81  0.96943449928941294     
          39          82  0.96967030891954409     
          40          83  0.96548236176867297     
          43          84  0.97056530231768479     
          43          85  0.96335321567352028     
          43          86  0.97534361529839408     
