   -0.12674943
    0.04431450
   -0.12203556
   -0.13312231
    0.04629696
   -0.11935589
   -0.12409260
    0.22974042
   -0.02251654
   -0.06767093
    0.03993947
   -0.03457847
   -0.02223998
   -0.02287956
   -0.02215360
   -0.03145260
   -0.10439333
   -0.03416582
    0.05321358
   -0.05351589
   -0.02594531
   -0.03775594
    0.02381805
   -0.02334452
    0.01819910
   -0.05653840
   -0.06794231
   -0.05196561
   -0.06278876
    0.00889257
   -0.04545331
   -0.02029256
   -0.05326388
    0.10276101
    0.01021952
   -0.25570327
   -0.02167878
    0.06200494
    0.07125447
    0.07548668
    0.05635444
    0.05805393
    0.06930640
    0.05271259
    0.06092602
    0.06844748
    0.05069623
    0.05321230
    0.05318751
    0.05598378
    0.06227558
    0.04798014
    0.05729055
    0.05867506
    0.05691612
    0.04941155
    0.06388673
    0.06716893
    0.06212216
    0.04793877
    0.05887613
    0.05427024
    0.04954676
    0.04615527
    0.07837279
    0.05516957
    0.04865550
    0.04953532
    0.06087311
    0.05657041
    0.04226785
    0.04729085
    0.04744894
    0.02960151
    0.05031912
    0.04995423
