           1           2   1.0079961022824253     
           2           3   1.0050733402161356     
           2           4  0.93858226274157830     
           4           5  0.92691525391642748     
           5           6   1.0080164375600267     
           5           7   1.0040192423281962     
           4           8   1.2883003176650527     
           8           9  0.96092561736526938     
           9          10   1.2330867259869471     
          10          11  0.97629192376989993     
          11          12   1.3966734897860715     
          12          13   1.4393255548245745     
          11          14  0.10241629918195211     
          13          14   1.4371899354835009     
          12          15  0.10839722599971123     
          14          15   1.4338454390753179     
          11          16   1.4064540917264774     
          13          16  0.10891310826795668     
          15          16   1.4409357359862767     
           8          17   1.2243143493983661     
          17          18  0.98153387100316070     
          17          19   1.0180737786907217     
          19          20   1.3939396464481195     
          20          21   1.4218642011043183     
          21          22   1.4528482127850040     
          22          23   1.3883868123043639     
          19          24   1.3386188197991349     
          21          24  0.10276408561190099     
          23          24   1.3975570195316862     
           8          25  0.82151812108282796     
          24          25  0.97151189815123584     
          25          26  0.97373042784150865     
          26          27  0.99136077979838833     
          25          28  0.96474020400595495     
          28          29  0.98724606598361320     
          29          30   1.0178761084521861     
          30          31   1.7548423668519830     
          31          32   1.1531375274048163     
          30          33  0.11189976486527495     
          32          33   1.7234540157351530     
          33          34   1.1109715084145768     
          23          35  0.94726764476010183     
          27          35  0.96532771168512888     
          30          35  0.97778972132607822     
          34          35  0.96313812490368844     
          32          36  0.10007846607736209     
          34          36   1.7686206066621697     
          36          37   1.0396498816302664     
           1          38  0.95242751883203480     
           1          39  0.95311223510273346     
           1          40  0.97572201223966371     
           2          41  0.95796693216937201     
           3          42  0.98216164889401802     
           3          43  0.97865702585289649     
           3          44  0.97080817926807872     
           5          45  0.95616217417237792     
           6          46  0.97735358676015904     
           6          47  0.97911230123124038     
           6          48  0.96879160124894903     
           7          49  0.97994883655884957     
           7          50  0.97746786210791858     
           7          51  0.98085927799615003     
          12          52  0.96727400285540410     
          13          53  0.96727167575567985     
          14          54  0.96851577417702694     
          15          55  0.96719843656704496     
          16          56  0.95101319663728345     
          18          57  0.96669461211311358     
          18          58  0.96943356528151248     
          18          59  0.97111291882078143     
          20          60  0.96632504342872050     
          21          61  0.96804182678636463     
          22          62  0.96415485612768725     
          26          63  0.95825112381811139     
          26          64  0.96807171872627018     
          27          65  0.96786169777700481     
          27          66  0.97435083383107279     
          28          67  0.95466588600236935     
          28          68  0.96725817231371347     
          29          69  0.95164030415464529     
          29          70  0.96887972336864414     
          31          71  0.96353231481786050     
          32          72  0.96848765896603572     
          33          73  0.96081329262610737     
          37          74  0.96626306919968041     
          37          75  0.95701040902107271     
          37          76  0.98020057614112088     
