   -0.10655740
   -0.01121121
   -0.10620945
    0.01020961
   -0.03597576
   -0.02863691
   -0.04020756
    0.00677611
   -0.00853236
   -0.10262133
   -0.10843166
    0.01742368
   -0.06673723
   -0.05374488
    0.28333824
   -0.12606423
   -0.03843628
   -0.04700181
   -0.11581755
    0.06552774
   -0.03954850
   -0.02200110
   -0.02648502
   -0.02441811
   -0.04735117
    0.05738797
   -0.04170638
   -0.02970449
    0.01548369
   -0.03060044
   -0.02342919
   -0.02398055
   -0.03110089
    0.01323773
   -0.00689190
   -0.00907616
    0.05511795
   -0.04801373
   -0.03333109
    0.01233879
   -0.03018525
   -0.02186253
   -0.02255735
   -0.03241154
    0.01024608
   -0.11903115
    0.06743715
   -0.04701748
   -0.02317153
   -0.02758291
   -0.02221542
   -0.03917748
    0.04778247
    0.04655805
    0.02966723
    0.04063899
    0.04051840
    0.04708503
    0.04904979
    0.05293159
    0.05024160
    0.05512356
    0.02824198
    0.04708477
    0.04011618
    0.04869353
    0.03800789
    0.04773304
    0.03930913
    0.07093037
    0.06259743
    0.05866469
    0.07173202
    0.06367970
    0.07387318
    0.04379161
    0.05599765
    0.05715573
    0.05298954
    0.04403354
    0.04330813
    0.05466473
    0.04678112
    0.04949541
    0.04641698
    0.03798597
    0.04073227
    0.05357127
    0.04839590
    0.05130495
    0.04815693
    0.03811592
    0.04042937
    0.05166720
    0.05337895
    0.05089335
    0.04498511
