           1           2  0.99618140079886863     
           2           3  0.99138589710673308     
           2           4   1.0013938602253645     
           4           5   1.3994388419584207     
           5           6   1.4470052626796415     
           4           7  0.10345064353512762     
           6           7   1.4289770953281604     
           5           8  0.10332703379820860     
           7           8   1.4172425068066086     
           8           9   1.0024959718947632     
           9          10  0.98797540624097646     
           9          11   1.0080076335486976     
           4          12   1.3843049035767041     
           8          12   1.3613948331282006     
          12          13  0.97762105174405933     
          13          14   1.1209287300377955     
          14          15   1.0376973810190340     
          15          16   1.2353471970605017     
          16          17  0.97317090169283893     
          16          18  0.97936649367628370     
          15          19   1.2190979769274599     
          19          20  0.98241505276979613     
          20          21   1.3864190846602524     
          21          22   1.4502813471119371     
          20          23  0.10276374166626911     
          22          23   1.4316251994637554     
          21          24  0.11122685519529171     
          23          24   1.4427476964767929     
          20          25   1.3964829377959815     
          22          25  0.10815507288020224     
          24          25   1.4360926659133018     
          19          26  0.95655466674594236     
          26          27   1.2879137607602655     
          27          28   1.5583205052522917     
          28          29   1.2711489881723319     
          29          30   1.2805864610227631     
          30          31   1.5526080886899365     
          31          32   1.3235681268567105     
          30          33  0.11733966529746803     
          32          33   1.5486346813660328     
          29          34   1.2545645217207575     
          33          34   1.2853209670787205     
          26          35   1.4568306485286928     
          28          35  0.10488105680283089     
          34          35   1.2295368417915338     
          35          36   1.0365455610616288     
          36          37   1.4570683386625858     
          37          38   1.2832376006157897     
          36          39  0.10392685134333551     
          38          39   1.5600438532211744     
          39          40   1.2705984839751798     
          40          41   1.2823218557312410     
          41          42   1.5528113615843648     
          42          43   1.3246224786309506     
          41          44  0.11707494220048709     
          43          44   1.5501972280661409     
          36          45   1.2291842367952612     
          40          45   1.2548946810649069     
          44          45   1.2866644543562549     
          15          46   1.2007938882447693     
          37          46  0.95086042500248358     
          46          47  0.99123563253105451     
          47          48   1.3931906903322049     
          48          49   1.4368758182606025     
          47          50  0.10180388724668611     
          49          50   1.4418025471015090     
          48          51  0.10768866228067372     
          50          51   1.4311655517944213     
          47          52   1.3844856986987466     
          49          52  0.11048673866455497     
          51          52   1.4502702781043166     
           1          53  0.98456049397445122     
           1          54  0.98318839110571421     
           1          55  0.98435153180483337     
           2          56  0.94878114396483859     
           3          57  0.98683673176631626     
           3          58  0.98271110240677317     
           3          59  0.98344236888901282     
           5          60  0.96194322646111330     
           6          61  0.96861986219594298     
           7          62  0.96206519639959653     
           9          63  0.95179854434905020     
          10          64  0.98034634148553956     
          10          65  0.97025175063430624     
          10          66  0.98549314733767535     
          11          67  0.98255750682925136     
          11          68  0.98313913190479529     
          11          69  0.98199845957877618     
          17          70  0.97581054257905508     
          17          71  0.96467812211137782     
          17          72  0.97585566970582549     
          18          73  0.97580295358625613     
          18          74  0.97592365164470340     
          18          75  0.96210826231661017     
          21          76  0.96771090705068863     
          22          77  0.96868330548204773     
          23          78  0.96901342359202769     
          24          79  0.96915485110060162     
          25          80  0.94657135330806608     
          27          81  0.96522880037227299     
          28          82  0.96596680184141970     
          30          83  0.96689964766880809     
          31          84  0.96946166285973656     
          32          85  0.96979096664959608     
          33          86  0.96546794101677003     
          38          87  0.96554495847473110     
          39          88  0.96592547460561196     
          41          89  0.96696922183483369     
          42          90  0.96928057198043815     
          43          91  0.96962642136344090     
          44          92  0.96527734983936364     
          48          93  0.94681046561391558     
          49          94  0.96873878212060305     
          50          95  0.96935220990977700     
          51          96  0.96875514429335163     
          52          97  0.96456892081205847     
