   -0.12733075
    0.04244939
   -0.12548178
   -0.14897981
    0.04929185
   -0.11922697
   -0.12326620
    0.31534410
   -0.02848470
   -0.03348303
    0.03678457
   -0.02746486
   -0.01611033
   -0.01760361
   -0.01970107
   -0.02821768
    0.49091292
   -0.21757713
   -0.19398251
   -0.19161447
   -0.13566960
   -0.03264776
    0.04741518
   -0.05530931
   -0.04361900
    0.00999687
    0.00892750
   -0.01775333
   -0.01327723
    0.04840061
   -0.05254441
   -0.04045591
    0.00812675
    0.00532317
   -0.06126715
   -0.05612652
   -0.05753695
   -0.06380250
   -0.12207140
   -0.04396410
   -0.06287943
   -0.05781243
   -0.05844011
   -0.06383410
    0.05213266
    0.06879286
    0.05776920
    0.06821563
    0.06978197
    0.04839924
    0.06184086
    0.05030363
    0.04527991
    0.05950450
    0.05923326
    0.05093289
    0.06577746
    0.05795932
    0.07094786
    0.06929160
    0.07552379
    0.08238185
    0.05875271
    0.06791411
    0.05299434
    0.03919515
    0.04893811
    0.04667048
    0.05075291
    0.05519930
    0.04046358
    0.04304898
    0.02605172
    0.03186416
    0.04533604
    0.04699430
    0.05565357
    0.07573024
    0.05812679
    0.07457952
    0.04771557
    0.04790621
    0.04020038
    0.04072882
    0.03787732
    0.04315267
    0.05609128
    0.04855649
