           1           2   1.0066311137292570     
           2           3   1.0066812093041839     
           2           4  0.93931223000516739     
           4           5  0.93214745157709256     
           5           6   1.0039468365615229     
           5           7   1.0036629268500405     
           4           8   1.2463871164568061     
           8           9   1.0030014072492577     
           9          10   1.1586103175229978     
          10          11  0.99230250205006443     
          11          12   1.4024454593906528     
          12          13   1.4411071167672880     
          11          14  0.10218877015557294     
          13          14   1.4344218220216687     
          12          15  0.10504417948134923     
          14          15   1.4358886447785437     
          11          16   1.3787440901160393     
          13          16  0.10467730624505150     
          15          16   1.4150190236145730     
          16          17  0.94836991325082054     
          17          18  0.92467423432554874     
          17          19  0.95705065874569561     
          17          20  0.96418898091347371     
           8          21   1.1766825494373907     
          21          22  0.97585517779789976     
          21          23  0.96466010271426317     
          23          24   1.3857157409004692     
          24          25   1.4471764346613871     
          25          26   1.4001100249945757     
          26          27   1.3871876015414497     
          23          28   1.3537379999184194     
          27          28   1.3638261525951807     
          28          29   1.0198419938440915     
          29          30   1.3593447704269832     
          30          31   1.3911116174439075     
          31          32   1.4429385714445739     
          32          33   1.4060624307035716     
          29          34   1.3676430031474600     
          31          34  0.10109049076357245     
          33          34   1.3741340211981603     
          34          35   1.0214930914975491     
          35          36  0.98977620220070561     
          36          37   1.0039615456879172     
          33          38   1.0227858882710588     
          37          38  0.99039709402204545     
           8          39   1.2188703235328009     
          30          39  0.97584076946659581     
          39          40  0.97031292872728403     
          27          41   1.0147865267943943     
          41          42   1.0061083028053681     
          42          43   1.0095442790459206     
          26          44   1.0146324262800441     
          43          44   1.0074119014756997     
           1          45  0.98146266144120409     
           1          46  0.97850994273964953     
           1          47  0.96977582548944219     
           2          48  0.95228916903721816     
           3          49  0.97840149057138759     
           3          50  0.97997807197709741     
           3          51  0.96105619023086741     
           5          52  0.93937758300812035     
           6          53  0.97782386755429462     
           6          54  0.98075909074219469     
           6          55  0.97975402822824897     
           7          56  0.97999875430755212     
           7          57  0.97848476529481876     
           7          58  0.98010900272586066     
          12          59  0.96119655995715292     
          13          60  0.96273964346500851     
          14          61  0.96602041846096964     
          15          62  0.96212946651675813     
          22          63  0.96655045950959761     
          22          64  0.97772690682165153     
          22          65  0.97352612158411311     
          24          66  0.96174787031733744     
          25          67  0.96752941152995020     
          31          68  0.96283439321389563     
          32          69  0.96688897128283791     
          35          70  0.95487126567681890     
          35          71  0.97186675449268978     
          36          72  0.97882633841764943     
          36          73  0.97977181358309073     
          37          74  0.98083990049375291     
          37          75  0.97965169921135031     
          38          76  0.97501468025635396     
          38          77  0.95488968660832163     
          40          78  0.97697973183785558     
          40          79  0.97166466974715471     
          40          80  0.95977836935599847     
          41          81  0.95255451693673776     
          41          82  0.96254790975920212     
          42          83  0.97692032179868582     
          42          84  0.97671565561065210     
          43          85  0.97736397453976576     
          43          86  0.97654765419263034     
          44          87  0.95345032686514264     
          44          88  0.96592316820345447     
