    0.02774220
   -0.25190661
    0.15250351
   -0.05182935
   -0.03273537
    0.02353958
   -0.01908642
   -0.06862913
    0.57196961
   -0.17071233
    0.04442720
   -0.12705849
   -0.12411739
    0.04972493
   -0.12315797
   -0.12536723
   -0.27470161
    0.12319722
   -0.05475461
   -0.02802489
   -0.03779212
    0.01647789
   -0.01487339
    0.02387724
   -0.06056979
   -0.06631497
   -0.05854266
   -0.06842631
    0.01601863
   -0.03596248
   -0.02488153
   -0.05257829
    0.11883789
   -0.01503662
   -0.25521912
   -0.03112805
   -0.06421263
    0.05471478
    0.04660528
    0.07822858
    0.06683717
    0.05357882
    0.06926945
    0.06952584
    0.05236060
    0.05433247
    0.06821317
    0.05191715
    0.05595119
    0.04682730
    0.05620071
    0.06124510
    0.06653953
    0.06984612
    0.04735243
    0.05980956
    0.06197215
    0.06490321
    0.06470915
    0.04309737
    0.05428081
    0.06300381
    0.06377152
    0.03492550
    0.05145399
    0.06465088
    0.06783974
    0.06583955
    0.06885435
    0.06113101
    0.05439157
    0.05512359
