           1           2  0.97338584465517208     
           2           3   1.0956495540642925     
           3           4   1.3287152777625848     
           4           5   1.4834352389459493     
           5           6   1.3795838508149303     
           6           7  0.98715101919939063     
           7           8   1.1671827877734959     
           8           9  0.97292121474410653     
           9          10   1.2349365247047190     
          10          11  0.93670396521297250     
          11          12   1.0067965181129761     
          11          13   1.0067257766698117     
          10          14  0.93788093186769395     
          14          15   1.0035925811116906     
          14          16   1.0060616381429988     
           9          17   1.2816425140009651     
          17          18  0.87247265405385177     
          18          19   1.3838148823285399     
          19          20   1.4503028975007612     
          20          21   1.4205270461527502     
          19          22  0.10632212982725890     
          21          22   1.4394922927132050     
          18          23   1.4037455130747818     
          20          23  0.10489104691368917     
          22          23   1.3461391701614385     
          23          24  0.98967257155499633     
          24          25  0.95729733914619397     
          22          26   1.0167445236497323     
          25          26   1.0023626053509764     
          24          27  0.95536558902700164     
          27          28   1.0021791058545559     
          28          29   1.0168858633308409     
          29          30   1.4387089863651279     
          30          31   1.4209281096173336     
          29          32  0.10713957372522413     
          31          32   1.4499412258501032     
          32          33   1.3828988778799143     
          24          34  0.99144996093425641     
          29          34   1.3455777661442787     
          31          34  0.10408189902561299     
          33          34   1.4061100764570365     
           9          35   1.3034934443892723     
          33          35  0.87502982841801791     
           4          36  0.10143003102429023     
           6          36   1.4038575789841379     
           3          37   1.3586956509714332     
          36          37   1.4446734993939707     
           1          38  0.97616789837694284     
           1          39  0.97613191494321228     
           1          40  0.97780627302913337     
           4          41  0.96382909280862283     
           5          42  0.96547714636607473     
          11          43  0.95472385668769977     
          12          44  0.97936389906687937     
          12          45  0.97914528090292530     
          12          46  0.97512496624245371     
          13          47  0.97948328892062464     
          13          48  0.98398836046231031     
          13          49  0.97874578948078739     
          14          50  0.94583932388709469     
          15          51  0.98068017856079504     
          15          52  0.97935946177069566     
          15          53  0.97992455255700583     
          16          54  0.97898473373955541     
          16          55  0.97819756791389745     
          16          56  0.98097074652858629     
          19          57  0.96143234867400673     
          20          58  0.96763816260591606     
          21          59  0.96593000533188356     
          25          60  0.97843544381378189     
          25          61  0.97670582576958753     
          26          62  0.96471151170979086     
          26          63  0.95500553133901578     
          27          64  0.97580853169779169     
          27          65  0.97705718363064509     
          28          66  0.95444569693169112     
          28          67  0.96209148317240523     
          30          68  0.96559408590124773     
          31          69  0.96723469156796082     
          32          70  0.96263178656511061     
          36          71  0.96747081398334922     
          37          72  0.96335181562631300     
