   -0.11213017
   -0.01314327
   -0.11382357
    0.03106676
   -0.00461743
   -0.03813527
   -0.02916433
   -0.02525842
   -0.02603514
   -0.03663709
   -0.13921751
    0.04347466
   -0.12282738
   -0.12697066
    0.29353897
   -0.07342872
   -0.01942386
    0.03894454
   -0.02801233
   -0.01582504
   -0.01946119
   -0.01851373
   -0.03268589
    0.48958299
   -0.20108726
   -0.19531705
   -0.21343243
   -0.11855422
   -0.04056635
    0.04900902
   -0.04759749
   -0.03637720
    0.00752438
   -0.03566438
   -0.02466087
   -0.02341369
   -0.02994970
    0.01104930
   -0.00242365
   -0.00895900
    0.05743780
   -0.05124413
   -0.03253124
    0.01295949
   -0.03048744
   -0.02285700
   -0.02305838
   -0.03326272
    0.01289554
   -0.11627126
   -0.03778995
    0.03239373
    0.05573293
    0.04725609
    0.03603717
    0.04957648
    0.04050188
    0.05523483
    0.05787334
    0.04000930
    0.04763771
    0.05032638
    0.04542592
    0.02809326
    0.07014850
    0.05431045
    0.07342172
    0.05776149
    0.06255937
    0.05349136
    0.05720432
    0.06530846
    0.07089974
    0.07271697
    0.07631528
    0.06806465
    0.06009732
    0.06850279
    0.04133710
    0.04864349
    0.04374663
    0.05128004
    0.05409339
    0.04913871
    0.04219167
    0.05361576
    0.04853388
    0.05045145
    0.04654724
    0.03479210
    0.06882394
    0.05845877
    0.08477735
