           1           2   1.0043981452428086     
           2           3   1.0110167963196133     
           2           4  0.96129260130625249     
           4           5  0.99057023510549791     
           5           6   1.4081765158060469     
           6           7   1.4395629870901911     
           5           8  0.10983418717802051     
           7           8   1.4410174193234599     
           6           9  0.10971148632350555     
           8           9   1.4357090044282184     
           5          10   1.4031089663154959     
           7          10  0.11093045576275110     
           9          10   1.4483296978636002     
           4          11  0.92109765639664032     
          11          12  0.93917209474972030     
          12          13   1.0077815834986175     
          12          14   1.0032517531029799     
          11          15   1.2678009514665427     
          15          16  0.93209476067339725     
          16          17   1.1740717716735656     
          17          18   1.0083489306007341     
          18          19   1.4056645236938050     
          19          20   1.4384745466173201     
          18          21  0.10011032303225370     
          20          21   1.4344364705153845     
          19          22  0.10530450758248129     
          21          22   1.4322548181748072     
          18          23   1.3616498266991799     
          20          23  0.10222323320883844     
          22          23   1.4192554216496631     
          23          24  0.95175575682985247     
          24          25  0.94459033105457579     
          24          26  0.96220636708479579     
          24          27  0.93356688883579009     
          15          28   1.2402621216310197     
          28          29  0.97155275548754050     
          28          30  0.95710836608030836     
          30          31   1.2881609363342583     
          31          32   1.5557452450881055     
          32          33   1.2725801144740767     
          33          34   1.2796742968324002     
          34          35   1.5528835007091897     
          35          36   1.3232524032921245     
          34          37  0.11708959571714417     
          36          37   1.5515286170877900     
          33          38   1.2558768896877421     
          37          38   1.2847301636757660     
          30          39   1.4580014492982420     
          32          39  0.10532922739930467     
          38          39   1.2295429210677105     
          39          40   1.0348336795935411     
          40          41   1.4511104788642895     
          41          42   1.2818195686877232     
          40          43  0.10568568850218668     
          42          43   1.5556601413685081     
          43          44   1.2736616174394824     
          44          45   1.2797633216982420     
          45          46   1.5550118884580677     
          46          47   1.3228891361150958     
          45          48  0.11755415193060556     
          47          48   1.5524354531953710     
          40          49   1.2307696555737706     
          44          49   1.2552273801397813     
          48          49   1.2845649819114380     
          15          50   1.2163986305495518     
          41          50  0.98367685999358578     
          50          51  0.96851459917866045     
           1          52  0.98103704768254008     
           1          53  0.98309435846813353     
           1          54  0.98510407308531645     
           2          55  0.96185292638960818     
           3          56  0.98187392862186573     
           3          57  0.97617418114823851     
           3          58  0.98076406053178344     
           4          59  0.92950584492925381     
           6          60  0.96100447438962355     
           7          61  0.96987071132379432     
           8          62  0.96978358279969545     
           9          63  0.96974762062312980     
          10          64  0.96600543504744574     
          12          65  0.94283230550215735     
          13          66  0.97947849609015092     
          13          67  0.97734394984647410     
          13          68  0.94635139903514554     
          14          69  0.98040375281795922     
          14          70  0.98063712394453439     
          14          71  0.97568248996165863     
          19          72  0.96264909567151302     
          20          73  0.96546415929551421     
          21          74  0.96632935489279104     
          22          75  0.96263003065561503     
          29          76  0.96142222312754899     
          29          77  0.97576299950960155     
          29          78  0.97604610831755167     
          31          79  0.96347631465434036     
          32          80  0.96608328902908625     
          34          81  0.96671887437709980     
          35          82  0.96919370870883781     
          36          83  0.96898722202154142     
          37          84  0.96463001222476152     
          42          85  0.95839772766277642     
          43          86  0.96597709232062856     
          45          87  0.96694017451622605     
          46          88  0.96936377206976676     
          47          89  0.96974939162205898     
          48          90  0.96520060331634683     
          51          91  0.95913736887197421     
          51          92  0.96951092029651165     
          51          93  0.97576675295304749     
