   -0.11846372
    0.01223231
   -0.14268363
    0.00908291
   -0.12428394
    0.28624199
   -0.04219364
   -0.05213887
    0.03618181
   -0.03004547
   -0.02286891
   -0.02133712
   -0.02336440
   -0.03194169
   -0.13285503
   -0.03266975
    0.04985204
   -0.04969576
   -0.03375138
    0.01299902
   -0.03015324
   -0.02085780
   -0.02141995
   -0.03159062
    0.01123002
   -0.00787050
   -0.00964915
    0.05406580
   -0.04819477
   -0.03242409
    0.01241304
   -0.03075691
   -0.02251018
   -0.02294305
   -0.03295394
    0.01213585
   -0.10940844
   -0.04433326
    0.05505691
    0.06174757
    0.06442253
    0.04386736
    0.05394432
    0.04875512
    0.06121058
    0.06398580
    0.05641128
    0.06633823
    0.05486177
    0.05935970
    0.05865257
    0.05183820
    0.04743787
    0.05991468
    0.05834106
    0.06512608
    0.03714016
    0.05467042
    0.04994885
    0.05358860
    0.05079151
    0.04123777
    0.04973442
    0.05459590
    0.04896176
    0.05108717
    0.04760343
    0.03706611
    0.07826454
    0.07741744
    0.06354470
