           1           2   1.0136037726941112     
           2           3  0.95458180085292066     
           3           4  0.95660681539523940     
           4           5   1.0146926092591038     
           3           6   1.2268460896446527     
           6           7   1.0274718409672470     
           7           8   1.1367234142446576     
           8           9  0.97564633206035734     
           9          10   1.4056714264815708     
          10          11   1.4436403161218858     
           9          12  0.10267268109280685     
          11          12   1.4326427212228434     
          10          13  0.10971217865636128     
          12          13   1.4389761775250927     
           9          14   1.4074093800682261     
          11          14  0.10875217827585582     
          13          14   1.4377805729403614     
           6          15   1.2033315640483806     
          15          16  0.97372451443087293     
          15          17  0.95041783923432444     
          17          18   1.2869212216514108     
          18          19   1.5565053757126173     
          19          20   1.2728557203316950     
          20          21   1.2822650609601300     
          21          22   1.5529223228956637     
          22          23   1.3239613662661256     
          21          24  0.11693913221930256     
          23          24   1.5509287471546784     
          20          25   1.2524489741506368     
          24          25   1.2860441991687677     
          17          26   1.4543717228888489     
          19          26  0.10446566992655169     
          25          26   1.2331425194076437     
          26          27   1.0308631377346653     
          27          28   1.4514913211358242     
          28          29   1.2849047070472106     
          27          30  0.10533591358724345     
          29          30   1.5565144208007828     
          30          31   1.2713223327155414     
          31          32   1.2809713770331372     
          32          33   1.5538345023747693     
          33          34   1.3233875957328753     
          32          35  0.11729506614490036     
          34          35   1.5521090105919322     
          27          36   1.2338052076135770     
          31          36   1.2532808247180296     
          35          36   1.2844172001593732     
           6          37   1.2424567752370201     
          28          37  0.98328606478116121     
          37          38  0.96709164823412275     
           1          39  0.98156681980151061     
           1          40  0.98209464000872870     
           1          41  0.97892980798033147     
           2          42  0.96787727102700694     
           2          43  0.95758760287156375     
           4          44  0.95488421188506067     
           4          45  0.96828750693611565     
           5          46  0.98122582581669848     
           5          47  0.98047839189320030     
           5          48  0.97961453837930290     
          10          49  0.96681460768470462     
          11          50  0.96720843647171451     
          12          51  0.96870440739960817     
          13          52  0.96812042805930720     
          14          53  0.96360867091392788     
          16          54  0.96698534278537540     
          16          55  0.97574905192189110     
          16          56  0.97661149627884170     
          18          57  0.96283496058798068     
          19          58  0.96606727852925045     
          21          59  0.96680949472244460     
          22          60  0.96905778029573397     
          23          61  0.96936343508291700     
          24          62  0.96529388919324799     
          29          63  0.96251857456559309     
          30          64  0.96611055265965184     
          32          65  0.96692554284759646     
          33          66  0.96931774047054275     
          34          67  0.96966155986349833     
          35          68  0.96544708861578155     
          38          69  0.96167841002247278     
          38          70  0.97681125348548159     
          38          71  0.97219059872263447     
