   -0.10487849
   -0.01285633
   -0.10688571
    0.01389735
   -0.03104131
   -0.02434792
   -0.02955008
   -0.03370117
    0.02469640
   -0.06428250
   -0.05388492
    0.30738960
   -0.14889745
    0.04360849
   -0.12621389
   -0.12509935
    0.05050732
   -0.12235131
   -0.11682771
   -0.12398332
   -0.04091518
    0.05424543
   -0.04725902
   -0.03208287
    0.01273671
   -0.03038676
   -0.02281810
   -0.02358646
   -0.03343898
    0.01184874
   -0.00928732
   -0.01084546
    0.05141441
   -0.05327709
   -0.03488712
    0.01140907
   -0.03098906
   -0.02226299
   -0.02245451
   -0.03182950
    0.01136347
   -0.13422260
   -0.02829442
    0.05151662
    0.02450298
    0.04596013
    0.04146243
    0.05021912
    0.04606577
    0.04113264
    0.05744594
    0.05416069
    0.04719566
    0.04404855
    0.06631749
    0.05168082
    0.06808102
    0.05587188
    0.04900060
    0.05907220
    0.06708445
    0.04965096
    0.06584254
    0.05026771
    0.05711578
    0.05867383
    0.06029286
    0.04188408
    0.07274488
    0.05695933
    0.07415429
    0.04582169
    0.05323502
    0.04775581
    0.04948349
    0.04539676
    0.03587674
    0.04111130
    0.05154827
    0.04716681
    0.05059993
    0.04799848
    0.03873158
    0.04633260
    0.06969240
    0.06136578
