           1           2  0.99289527438306746     
           2           3  0.99336959746570763     
           2           4   1.0032857009155836     
           4           5   1.4004484784279856     
           5           6   1.4504534282047392     
           4           7  0.10502279008939891     
           6           7   1.4243206065039935     
           5           8  0.10821824148949158     
           7           8   1.4475039519521942     
           4           9   1.3791201491943372     
           8           9   1.3996912762077334     
           9          10  0.97676227381674718     
          10          11   1.1374969151683452     
          11          12   1.0151411104551467     
          12          13   1.2466349240739374     
          13          14  0.94125501528755628     
          14          15   1.0068586056659961     
          14          16   1.0055834051822519     
          13          17  0.93384038429537797     
          17          18   1.0035667169525739     
          17          19   1.0040075004165956     
          12          20   1.2149973072932847     
          20          21  0.97053727873313578     
          20          22  0.97641591237591518     
          22          23   1.2830090219431587     
          23          24   1.5606586605382069     
          24          25   1.2704675711774500     
          25          26   1.2818217119177935     
          26          27   1.5529242311913591     
          27          28   1.3245283853522425     
          26          29  0.11723477075290920     
          28          29   1.5509327360016960     
          25          30   1.2541111523814303     
          29          30   1.2849799667311830     
          22          31   1.4592862551430903     
          24          31  0.10414793479611006     
          30          31   1.2260087263915100     
          31          32   1.0319199275899404     
          32          33   1.4516182272226912     
          33          34   1.2825441760272505     
          32          35  0.10554447082907696     
          34          35   1.5563920454237619     
          35          36   1.2734729842650125     
          36          37   1.2807138529923798     
          37          38   1.5543809607248740     
          38          39   1.3230793593686749     
          37          40  0.11736929204500487     
          39          40   1.5521837516489478     
          32          41   1.2327845654543015     
          36          41   1.2539312114031533     
          40          41   1.2848162746360094     
          12          42   1.1902487718565924     
          33          42  0.97138812119072671     
          42          43  0.97376510110042602     
           1          44  0.98369693771886291     
           1          45  0.98533476863272074     
           1          46  0.98424928728887917     
           2          47  0.95970803961256390     
           3          48  0.98350233229634598     
           3          49  0.98355624565205391     
           3          50  0.98672419703273118     
           5          51  0.96233113726168784     
           6          52  0.96875765388648194     
           7          53  0.96850728655468188     
           8          54  0.96167229468311433     
          14          55  0.95256031942111696     
          15          56  0.98166505568127782     
          15          57  0.97883681863835259     
          15          58  0.97086966587655144     
          16          59  0.98061794373751943     
          16          60  0.96332656547969187     
          16          61  0.97919128374882514     
          17          62  0.93686897623012211     
          18          63  0.97838327402006264     
          18          64  0.97927073536559273     
          18          65  0.97946346146126118     
          19          66  0.98049815704803611     
          19          67  0.98072785231200355     
          19          68  0.97830749911188608     
          21          69  0.96036871317927175     
          21          70  0.97271721105983189     
          21          71  0.97734748739267441     
          23          72  0.96278485199088693     
          24          73  0.96625979501161852     
          26          74  0.96702919679692423     
          27          75  0.96946820706860959     
          28          76  0.96987140180323972     
          29          77  0.96527837526821747     
          34          78  0.96260528363444808     
          35          79  0.96630637097368288     
          37          80  0.96711097543398195     
          38          81  0.96937673947454706     
          39          82  0.96963341580274987     
          40          83  0.96545133339446609     
          43          84  0.97331547739848723     
          43          85  0.97753103598990621     
          43          86  0.96387130698779200     
