    0.02881305
   -0.25319202
    0.14530552
   -0.06519718
   -0.02518096
   -0.03887294
   -0.02964034
    0.00821320
   -0.01432888
   -0.06213203
    0.58336510
   -0.18119896
    0.04236388
   -0.12083277
   -0.12781695
    0.08296710
   -0.12544899
   -0.13523044
   -0.12163660
   -0.27861357
    0.11562902
   -0.00229285
   -0.10880032
   -0.04072386
   -0.04075019
    0.00956247
   -0.01876109
    0.02505029
   -0.06017177
   -0.06499364
   -0.05827301
   -0.06547791
    0.01081166
   -0.03803911
   -0.03809040
   -0.00088434
   -0.11160225
    0.10749293
   -0.01795983
   -0.25921951
    0.05677583
    0.07558437
    0.04809920
    0.05653437
    0.05874186
    0.05535100
    0.05171164
    0.07082534
    0.06685380
    0.05069282
    0.04756458
    0.06274161
    0.05140449
    0.05991804
    0.06808504
    0.04300516
    0.05714999
    0.05644459
    0.06559882
    0.06086303
    0.05661071
    0.06573654
    0.05194021
    0.05245986
    0.05167475
    0.05986225
    0.05938108
    0.06029579
    0.05177321
    0.03968803
    0.05853145
    0.06059538
    0.03730754
    0.05062128
    0.05975129
    0.06123754
    0.06212929
    0.06312604
    0.04705311
    0.06710826
    0.06495926
