           1           2  0.97156398076590944     
           2           3   1.0889491543540157     
           3           4   1.3642131845705288     
           4           5   1.4440089170467927     
           5           6   1.4299758076202378     
           4           7  0.10287278432372413     
           6           7   1.4322261929111926     
           3           8   1.3138340087614753     
           7           8   1.4185651573272497     
           8           9  0.99410728978652407     
           9          10   1.1731430351698480     
          10          11  0.96351131432454840     
          11          12   1.2258082403686528     
          12          13  0.93186865566341637     
          13          14   1.0085398980032920     
          13          15   1.0035810596103838     
          12          16  0.92530450505408479     
          16          17  0.99784160125614885     
          16          18  0.99542822746960058     
          16          19  0.99451682857763846     
          11          20   1.2589019270614012     
          20          21  0.88178843315962641     
          21          22   1.3504003049228812     
          22          23   1.0269347985167150     
          22          24   1.4233038563992033     
          24          25   1.4231277867618255     
          22          26  0.10261621749899284     
          25          26   1.4384127535810682     
          21          27   1.4072745800759072     
          24          27  0.10279836672025809     
          26          27   1.3447663538516847     
          27          28  0.98950357054537452     
          28          29  0.95573445125422141     
          26          30   1.0157151712165930     
          29          30   1.0027967637500514     
          28          31  0.95707319094125898     
          31          32   1.0020754866152073     
          32          33   1.0154473461936284     
          33          34   1.4353754590001084     
          34          35   1.4266824797202977     
          33          36  0.10228772564476478     
          35          36   1.4184800748715325     
          36          37   1.0301952117092494     
          36          38   1.3515570638494006     
          28          39  0.99005427039673277     
          33          39   1.3474030047448184     
          35          39  0.10328349559541185     
          38          39   1.4069725522593519     
          11          40   1.2813223489568051     
          38          40  0.87772547027345160     
           1          41  0.97601738055031595     
           1          42  0.97808090928058844     
           1          43  0.97615246344250373     
           4          44  0.96285600020925310     
           5          45  0.96871737633111998     
           6          46  0.96784458996448552     
           7          47  0.96464010611311868     
          13          48  0.94909672728085281     
          14          49  0.97880415155594547     
          14          50  0.97289043376461537     
          14          51  0.98268936565871212     
          15          52  0.97902474166857967     
          15          53  0.97906125134630773     
          15          54  0.98138721646735860     
          17          55  0.97917571127793213     
          17          56  0.97667214636193367     
          17          57  0.98058164778010293     
          18          58  0.96234461165105445     
          18          59  0.97713120740443116     
          18          60  0.97261145250905279     
          19          61  0.97532539116584405     
          19          62  0.97694249174433911     
          19          63  0.97819768070188162     
          23          64  0.95739600507397893     
          23          65  0.97014423480079526     
          23          66  0.98206916654301457     
          24          67  0.96579890815673108     
          25          68  0.96619510078431792     
          29          69  0.97680894897133008     
          29          70  0.97866654281939081     
          30          71  0.96570273837758358     
          30          72  0.95607483868725607     
          31          73  0.97662601479776545     
          31          74  0.97727780220472904     
          32          75  0.96549832233281641     
          32          76  0.95656441857236874     
          34          77  0.96609282216681736     
          35          78  0.96576493910656558     
          37          79  0.96190617845116599     
          37          80  0.96274498701837874     
          37          81  0.98163724450342338     
