   -0.02714608
   -0.12618050
    0.05382184
   -0.05042581
   -0.03388732
    0.01200758
   -0.03090344
   -0.02223259
   -0.02232820
   -0.03152463
    0.01234264
   -0.00935251
   -0.01013331
    0.05523360
   -0.04760706
   -0.03173105
    0.01246485
   -0.03051310
   -0.02337880
   -0.02404598
   -0.03372258
    0.01185782
   -0.11658801
   -0.03581699
    0.29749483
   -0.07166581
   -0.05593366
    0.03878935
   -0.03160811
   -0.02366147
   -0.02350313
   -0.02427558
   -0.03145784
   -0.15348246
    0.06314281
   -0.03624152
   -0.02129762
   -0.02091050
   -0.02285500
   -0.03940003
    0.08499332
   -0.05986563
   -0.01372208
   -0.06735366
   -0.01483938
   -0.06677239
   -0.01309288
   -0.06599008
   -0.06512922
   -0.06255848
    0.06813130
    0.06208118
    0.04952708
    0.03820990
    0.05095700
    0.04733952
    0.05056487
    0.04804472
    0.03912706
    0.04648313
    0.05417265
    0.04796811
    0.04932911
    0.04505262
    0.03499220
    0.05583810
    0.07608015
    0.06888539
    0.04771527
    0.05215342
    0.05658061
    0.05622696
    0.05112226
    0.04846876
    0.06067070
    0.06196048
    0.05726620
    0.04189744
    0.02335193
    0.03895026
    0.03762627
    0.04840503
    0.03845055
    0.04200797
    0.03689954
    0.04891102
    0.03535417
    0.03243393
    0.04767767
    0.04134110
    0.03678733
    0.03468012
    0.04126280
