           1           2  0.97330468271010440     
           2           3  0.97488834388111456     
           3           4   1.2788417417827111     
           4           5   1.5550595051658385     
           5           6   1.2732487118652787     
           6           7   1.2807428943650883     
           7           8   1.5543009113503077     
           8           9   1.3231488068943353     
           7          10  0.11739244108296495     
           9          10   1.5521700152535665     
           6          11   1.2540242350982507     
          10          11   1.2849495513317615     
           3          12   1.4514127475513143     
           5          12  0.10558303238211489     
          11          12   1.2324159431040278     
          12          13   1.0305711606498376     
          13          14   1.4587879572253677     
          14          15   1.2814939315667020     
          13          16  0.10432736426284575     
          15          16   1.5607144306156471     
          16          17   1.2703773570352659     
          17          18   1.2816146376668407     
          18          19   1.5531166828277665     
          19          20   1.3244463303446068     
          18          21  0.11738753516753785     
          20          21   1.5510398744942264     
          13          22   1.2271251712183251     
          17          22   1.2546418648091400     
          21          22   1.2846789008031825     
          14          23  0.97600944230921260     
          23          24  0.96927722886942702     
           2          25   1.1960459744899405     
          23          25   1.2122726030061821     
          25          26   1.0115237054897708     
          26          27   1.1491970645067326     
          27          28  0.97780129731445165     
          28          29   1.4062488393922243     
          29          30   1.4379982267330260     
          28          31  0.10272578571824618     
          30          31   1.4392378959932755     
          29          32  0.10866547476060295     
          31          32   1.4326185325294030     
          28          33   1.4044764633273541     
          30          33  0.10992783512262311     
          32          33   1.4435544489913641     
          25          34   1.2533730723900949     
          34          35  0.95346929926420498     
          35          36   1.3929833766284982     
          36          37   1.4457301194132379     
          35          38  0.10435845991182072     
          37          38   1.4338648035879415     
          36          39  0.10955313328362595     
          38          39   1.4409185877358379     
          35          40   1.3911954288706097     
          37          40  0.10765051988349790     
          39          40   1.4381771041171174     
          34          41  0.89327125905805893     
          41          42  0.98431434321694600     
          42          43  0.99080413654168131     
          43          44  0.99835513252350594     
          44          45  0.99879075563121089     
          45          46  0.99885415572994141     
          46          47  0.99805111913155475     
          43          48  0.99869670003998345     
          47          48  0.99875532667403077     
          41          49  0.98835720687457729     
          47          49  0.98848800414093452     
          41          50  0.98332622380237222     
          45          50  0.98934138810550487     
           1          51  0.97710531283675484     
           1          52  0.96158728472228017     
           1          53  0.97108634592682630     
           4          54  0.96157002401066816     
           5          55  0.96607320526955909     
           7          56  0.96709198027015086     
           8          57  0.96937924590710534     
           9          58  0.96962395257081113     
          10          59  0.96534220456377973     
          15          60  0.96280698724067681     
          16          61  0.96612720660857698     
          18          62  0.96701313734975880     
          19          63  0.96948554456808866     
          20          64  0.96989883281902745     
          21          65  0.96538745541400028     
          24          66  0.97211266091920412     
          24          67  0.97690194639799122     
          24          68  0.96257059388452659     
          29          69  0.96363782420881838     
          30          70  0.96807854345700628     
          31          71  0.96895492937536176     
          32          72  0.96759700580972607     
          33          73  0.96657628701347897     
          36          74  0.96490647181371825     
          37          75  0.96809567285698472     
          38          76  0.96845008778619823     
          39          77  0.96847307503394198     
          40          78  0.96131238702820965     
          42          79  0.96543948817591463     
          42          80  0.97101500504012994     
          43          81  0.96681806217597877     
          44          82  0.97387747643320588     
          44          83  0.97508571300118441     
          45          84  0.96629961900702621     
          46          85  0.97518117995787246     
          46          86  0.97361709808899022     
          47          87  0.96718366750221230     
          48          88  0.97356982307098061     
          48          89  0.97392783012715778     
          49          90  0.96489719037222399     
          49          91  0.94375778768383034     
          50          92  0.97235625009625348     
          50          93  0.97131253835637155     
