   -0.04020663
   -0.11290050
    0.04569571
   -0.04632660
   -0.03077970
    0.01610102
   -0.02840660
   -0.01847374
   -0.01890029
   -0.02728080
    0.01548473
   -0.00343163
   -0.00597700
    0.05291676
   -0.05289545
   -0.03271184
    0.01352131
   -0.03037896
   -0.02218072
   -0.02255633
   -0.03228088
    0.01312247
   -0.11909024
   -0.03171720
    0.28080205
   -0.07321247
   -0.02285671
    0.03885554
   -0.03153598
   -0.01639658
   -0.02041050
   -0.01926726
   -0.03375577
    0.48982365
   -0.19317539
   -0.21557136
   -0.20104049
   -0.13858241
   -0.03848514
    0.07837181
   -0.07028276
   -0.01324381
   -0.06758832
   -0.01462228
   -0.06772578
   -0.01399939
   -0.06948921
   -0.06775214
   -0.06671538
    0.07119787
    0.06770312
    0.06367165
    0.04051740
    0.05491001
    0.04892331
    0.05189068
    0.04906774
    0.04464064
    0.03908122
    0.05300830
    0.04789127
    0.05065921
    0.04789417
    0.03881575
    0.05608405
    0.07346026
    0.05417422
    0.06521744
    0.07162371
    0.07425051
    0.07959908
    0.06863361
    0.05591741
    0.07156766
    0.05243754
    0.04661381
    0.04155210
    0.03891831
    0.05090137
    0.04329633
    0.03858608
    0.04960192
    0.03948829
    0.03772326
    0.05096277
    0.03710155
    0.03579075
    0.03884406
    0.04529081
