           1           2  0.97139973792969414     
           2           3  0.94994595044844710     
           3           4   1.2899987477308998     
           4           5   1.5505531573345332     
           5           6   1.2755907260549249     
           6           7   1.2807155032148727     
           7           8   1.5544417833559401     
           8           9   1.3225075106213027     
           7          10  0.11712100454349816     
           9          10   1.5524886884508853     
           6          11   1.2511475382282127     
          10          11   1.2843211678235433     
           3          12   1.4555657611451482     
           5          12  0.10542805339355805     
          11          12   1.2347014679839241     
          12          13   1.0324647540366152     
          13          14   1.4544823198344297     
          14          15   1.2847896176247917     
          13          16  0.10624099577369860     
          15          16   1.5540980177921535     
          16          17   1.2749831696325802     
          17          18   1.2796111108250012     
          18          19   1.5554478838057799     
          19          20   1.3223097996787194     
          18          21  0.11753287805145443     
          20          21   1.5531102315858323     
          13          22   1.2332793877457964     
          17          22   1.2542518355510619     
          21          22   1.2838989718015439     
          14          23  0.97303493696632259     
          23          24  0.97429379002638139     
           2          25   1.2656690839982354     
          23          25   1.2220576494949753     
          25          26  0.92137742832226643     
          26          27   1.1675472403046807     
          27          28   1.0101421689356780     
          28          29   1.4028673204845641     
          29          30   1.4404970523058758     
          28          31  0.10040943869916302     
          30          31   1.4332264392598357     
          29          32  0.10516646313246845     
          31          32   1.4346748631771713     
          28          33   1.3621690598851202     
          30          33  0.10314180484016866     
          32          33   1.4194475925105210     
          33          34  0.95065345072061136     
          34          35  0.96401782755480225     
          34          36  0.93006140657560443     
          34          37  0.94453608471100803     
          25          38   1.2455662760873103     
          38          39  0.96883822685890553     
          38          40  0.91409764309961494     
          40          41  0.98739447919344303     
          41          42  0.98979347048616906     
          42          43  0.99576646040996186     
          43          44  0.99946906838471605     
          44          45  0.99875244364229288     
          45          46  0.99769527058907204     
          42          47  0.99846697402498441     
          46          47  0.99847768315594299     
          40          48  0.98324551775814961     
          46          48  0.99223798016732456     
          40          49  0.98175300980812052     
          44          49  0.98923104708724818     
           1          50  0.97539833201845805     
           1          51  0.96955154678067579     
           1          52  0.97687359141643160     
           4          53  0.96449702280629945     
           5          54  0.96602800905867658     
           7          55  0.96690183863699564     
           8          56  0.96923019971522528     
           9          57  0.96954151282607826     
          10          58  0.96483608133097842     
          15          59  0.96313386139219936     
          16          60  0.96608948934884786     
          18          61  0.96701502808658035     
          19          62  0.96935596062336349     
          20          63  0.96963302599294532     
          21          64  0.96505469546017841     
          24          65  0.96310906824168918     
          24          66  0.97720674329465240     
          24          67  0.97347983546008798     
          29          68  0.96079995761945192     
          30          69  0.96545743151335972     
          31          70  0.96628478812500584     
          32          71  0.96243323248487134     
          39          72  0.95854702435108785     
          39          73  0.97735984506656171     
          39          74  0.97263474688132567     
          41          75  0.92628848996076185     
          41          76  0.96720298751042655     
          42          77  0.96653154915520689     
          43          78  0.97498615262546140     
          43          79  0.97305425221126585     
          44          80  0.96575387358444198     
          45          81  0.97507123007024354     
          45          82  0.97372592481035547     
          46          83  0.96662142480206781     
          47          84  0.97473211836489249     
          47          85  0.97391399044155436     
          48          86  0.97253934993840774     
          48          87  0.95767862468726050     
          49          88  0.97351677724754870     
          49          89  0.97196804881759502     
