   -0.04643698
   -0.12713279
   -0.04871024
    0.29039787
   -0.04469336
   -0.04956901
    0.03596513
   -0.03213848
   -0.02341521
   -0.02115241
   -0.02263669
   -0.02978317
   -0.12876509
   -0.03473664
    0.04998240
   -0.04887575
   -0.03361325
    0.01325991
   -0.03000887
   -0.02048350
   -0.02113101
   -0.03170267
    0.01129586
   -0.00742429
   -0.00975986
    0.05330626
   -0.04845922
   -0.03223991
    0.01253853
   -0.03065012
   -0.02227720
   -0.02271857
   -0.03293358
    0.01217394
   -0.10940281
   -0.04687921
    0.05896726
    0.07394397
    0.06801553
    0.07394942
    0.07829686
    0.06012933
    0.04737568
    0.05218202
    0.05917894
    0.05996237
    0.05525443
    0.06136790
    0.06498959
    0.06103445
    0.03744580
    0.05487826
    0.05047052
    0.05421682
    0.05130347
    0.04143771
    0.05018309
    0.05507068
    0.04935340
    0.05158479
    0.04811985
    0.03742910
    0.06549437
    0.07756189
    0.07961251
