           1           2  0.97376368539638936     
           2           3  0.98027081714340836     
           2           4   1.2201446527686957     
           4           5   1.0287348818349960     
           5           6   1.1313706182246324     
           6           7  0.97623111829092513     
           7           8   1.4068321230324876     
           8           9   1.4378496936926046     
           7          10  0.10258404823245915     
           9          10   1.4387633651987470     
           8          11  0.10870513361236063     
          10          11   1.4326017102535333     
           7          12   1.4056506000439835     
           9          12  0.10961845248392683     
          11          12   1.4436809856925643     
           4          13   1.2098387988720021     
          13          14  0.97331711535304200     
          13          15  0.94844689881333044     
          15          16   1.2871354479286716     
          16          17   1.5564554685402132     
          17          18   1.2729458463894079     
          18          19   1.2824118949701724     
          19          20   1.5527653520922127     
          20          21   1.3239621920010300     
          19          22  0.11686250966759819     
          21          22   1.5508580190018113     
          18          23   1.2520996859683522     
          22          23   1.2860484763249855     
          15          24   1.4540804876353293     
          17          24  0.10441434905319995     
          23          24   1.2335028500514427     
          24          25   1.0309029767596569     
          25          26   1.4511115151768144     
          26          27   1.2853737017910027     
          25          28  0.10538391989393077     
          27          28   1.5558089942620834     
          28          29   1.2717238736704368     
          29          30   1.2809251772584005     
          30          31   1.5539145203678870     
          31          32   1.3232702900843516     
          30          33  0.11727192063255365     
          32          33   1.5521710750874345     
          25          34   1.2342390696099950     
          29          34   1.2531223257196817     
          33          34   1.2843317680261483     
           4          35   1.2432816283849057     
          26          35  0.98225468484410472     
          35          36  0.96703742221684474     
           1          37  0.97600724934649419     
           1          38  0.97481739484423791     
           1          39  0.96882648055165510     
           3          40  0.96000900097869835     
           3          41  0.97495068906311100     
           3          42  0.97684611041221536     
           8          43  0.96358120726964480     
           9          44  0.96807262620918288     
          10          45  0.96864010422177305     
          11          46  0.96712603022852561     
          12          47  0.96676415944953276     
          14          48  0.97570295878947610     
          14          49  0.97634067748221309     
          14          50  0.96724922536479929     
          16          51  0.96290302470923950     
          17          52  0.96604376490393196     
          19          53  0.96675487729795551     
          20          54  0.96898847775584807     
          21          55  0.96930766383416145     
          22          56  0.96527103515223944     
          27          57  0.96273199149956157     
          28          58  0.96605646868322548     
          30          59  0.96688661767375994     
          31          60  0.96926608708848982     
          32          61  0.96961192794660189     
          33          62  0.96545433572883055     
          36          63  0.97224583873997950     
          36          64  0.96618620865513072     
          36          65  0.97637537055377277     
