   -0.04367137
   -0.11061054
    0.04874094
   -0.04470170
   -0.03008010
    0.01431996
   -0.02933218
   -0.02177983
   -0.02359419
   -0.03410628
    0.01156051
   -0.00665528
   -0.01078755
    0.04991035
   -0.05385760
   -0.03195479
    0.01343959
   -0.02980817
   -0.02136459
   -0.02180406
   -0.03309157
    0.01216912
   -0.12448291
   -0.03558617
    0.28420176
   -0.06916283
   -0.02983488
    0.04350190
   -0.02854497
   -0.01969652
   -0.01797398
    0.48755342
   -0.20835546
   -0.19434649
   -0.19527685
   -0.01881444
   -0.02912442
   -0.12868225
   -0.04389732
    0.08352896
   -0.13036361
   -0.12539378
   -0.12799921
    0.07195941
    0.06484690
    0.07306849
    0.04405366
    0.05796756
    0.05149950
    0.05359252
    0.04905746
    0.03838727
    0.04073499
    0.05551077
    0.05009721
    0.05285763
    0.04934040
    0.03824545
    0.06279345
    0.06582587
    0.05947227
    0.06818725
    0.08069033
    0.07793833
    0.06475985
    0.07644931
    0.06820279
    0.05851564
    0.05854256
    0.07455882
    0.06133623
    0.05917869
    0.07087958
    0.05155185
    0.05486316
    0.07007505
    0.05076911
