           1           2  0.97024446428432309     
           2           3  0.95786936698913672     
           3           4   1.2905388785164611     
           4           5   1.5530269010005329     
           5           6   1.2731528969259893     
           6           7   1.2808007683168900     
           7           8   1.5544481879773411     
           8           9   1.3229410800678052     
           7          10  0.11694253253514121     
           9          10   1.5500600705147733     
           6          11   1.2532341089063219     
          10          11   1.2827450599178947     
           3          12   1.4556349947179792     
           5          12  0.10597214014586923     
          11          12   1.2335944390410265     
          12          13   1.0314376971202295     
          13          14   1.4557581980867160     
          14          15   1.2846961051454819     
          13          16  0.10600439676932813     
          15          16   1.5544758273419861     
          16          17   1.2752751329622394     
          17          18   1.2797841378448895     
          18          19   1.5549225789381915     
          19          20   1.3228052216726325     
          18          21  0.11738399472941614     
          20          21   1.5521394637054213     
          13          22   1.2316885771424413     
          17          22   1.2535521425868414     
          21          22   1.2850640628323908     
          14          23  0.97533307652381263     
          23          24  0.97412159705814161     
           2          25   1.2543816817382940     
          23          25   1.2182197969661397     
          25          26  0.91382930637372506     
          26          27   1.1838181221588218     
          27          28  0.99627766786988181     
          28          29   1.4025036854295312     
          29          30   1.4446046270906225     
          30          31   1.4103117599639767     
          31          32  0.94805537806551543     
          32          33  0.93516510196271319     
          32          34  0.95891902647798488     
          32          35  0.95773065352118802     
          29          36  0.10894333674962374     
          31          36   1.4118264497971365     
          28          37   1.3984546384700089     
          30          37  0.10839055894717173     
          36          37   1.4441139922940043     
          25          38   1.2540489289720573     
          38          39  0.96959319695980462     
          38          40  0.91762304958781005     
          40          41  0.99886913645033404     
          40          42  0.99441361068771172     
          40          43  0.99553245252013467     
           1          44  0.96919089816935866     
           1          45  0.97630005722106494     
           1          46  0.97495328318365670     
           4          47  0.96409063769929881     
           5          48  0.96577344139934129     
           7          49  0.96668051816794343     
           8          50  0.96904269436132418     
           9          51  0.96950422460224317     
          10          52  0.96531833601020667     
          15          53  0.96263875997939263     
          16          54  0.96580574694640742     
          18          55  0.96676545891018639     
          19          56  0.96910522234617691     
          20          57  0.96950611700382883     
          21          58  0.96484832545042409     
          24          59  0.96094800298845606     
          24          60  0.97789383500662841     
          24          61  0.97213200137104949     
          29          62  0.96328680178257164     
          30          63  0.96283121548005524     
          36          64  0.96334760252118423     
          37          65  0.96077113707754491     
          39          66  0.97146165356435177     
          39          67  0.96033313449389968     
          39          68  0.97684305546895900     
          41          69  0.94548407830809167     
          41          70  0.97740237853043144     
          41          71  0.97941272829626391     
          42          72  0.98217297502521583     
          42          73  0.97727942641911869     
          42          74  0.98189324414079704     
          43          75  0.96537212296882802     
          43          76  0.97881549688393688     
          43          77  0.98129501986486145     
