   -0.12721161
    0.04562772
   -0.13013932
   -0.16417107
    0.02831056
   -0.01467940
   -0.03258336
   -0.02191961
   -0.01956127
   -0.02232528
   -0.03300696
    0.48163641
   -0.18730309
   -0.19440321
   -0.20713267
    0.32519494
   -0.03850309
   -0.04990257
    0.03567050
   -0.03122272
   -0.02279203
   -0.02128748
   -0.02287420
   -0.03094176
   -0.13469619
   -0.03915631
    0.04688489
   -0.05665647
   -0.03197549
    0.01218915
   -0.02960601
   -0.02172878
   -0.02233047
   -0.03321840
    0.01005635
   -0.01278904
   -0.00913752
    0.05181219
   -0.04778622
   -0.03199286
    0.01271400
   -0.03041987
   -0.02231802
   -0.02315710
   -0.03311191
    0.01206248
   -0.12599914
   -0.04262607
    0.05639567
    0.07355567
    0.05226475
    0.06818850
    0.07421475
    0.06075993
    0.06331168
    0.07533712
    0.03440547
    0.05543137
    0.06081573
    0.06015307
    0.05190173
    0.04721752
    0.05361284
    0.05958942
    0.05996150
    0.05391483
    0.07268196
    0.06534744
    0.06380630
    0.05035200
    0.05938890
    0.05118170
    0.05245913
    0.04877880
    0.03836466
    0.04672883
    0.05537564
    0.04918161
    0.05130216
    0.04743917
    0.03775804
    0.06909574
    0.05988869
    0.07834506
