           1           2   1.0073237953104897     
           2           3   1.0065398130065402     
           2           4  0.92991199856903517     
           4           5  0.96194336418087767     
           5           6  0.97487733803119281     
           6           7   1.4018262467545495     
           7           8   1.4494835703972300     
           6           9  0.10892209548098411     
           8           9   1.4341206063746912     
           7          10  0.11127140116279816     
           9          10   1.4427354749308043     
           6          11   1.4157754398479754     
           8          11  0.10973207531130291     
          10          11   1.4383195879976107     
           5          12  0.92331769645035133     
          12          13  0.96329609855564713     
          12          14  0.95924502944677048     
          12          15  0.93876464475878951     
           4          16   1.1983252495486181     
          16          17   1.0130924387875015     
          17          18   1.1480939738005334     
          18          19  0.97613695674472056     
          19          20   1.4064091649214929     
          20          21   1.4377784489220669     
          19          22  0.10241645195637353     
          21          22   1.4393161147224092     
          20          23  0.10845613751589363     
          22          23   1.4322160125944743     
          19          24   1.4040273562979422     
          21          24  0.10972430536921730     
          23          24   1.4436876969367596     
          16          25   1.2118794507223023     
          25          26  0.96826341973551466     
          25          27  0.96382330357345314     
          27          28   1.2802554439295935     
          28          29   1.5560938974964651     
          29          30   1.2734361604406832     
          30          31   1.2807040241890488     
          31          32   1.5541588995767937     
          32          33   1.3233167823356753     
          31          34  0.11735230545514296     
          33          34   1.5518514890004591     
          30          35   1.2537909324270107     
          34          35   1.2848520085352835     
          27          36   1.4522704767991479     
          29          36  0.10550780422409098     
          35          36   1.2324200633644409     
          36          37   1.0298509983968824     
          37          38   1.4611497241910740     
          38          39   1.2838733809101570     
          37          40  0.10412299570658987     
          39          40   1.5599939893017580     
          40          41   1.2705214245972836     
          41          42   1.2821273696025823     
          42          43   1.5525853006340544     
          43          44   1.3246967128215794     
          42          45  0.11718513243549562     
          44          45   1.5505970054377534     
          37          46   1.2278632335499216     
          41          46   1.2531930749653575     
          45          46   1.2853503541731748     
          16          47   1.2242726720882073     
          38          47  0.96984455715905682     
          47          48  0.96828969096604234     
           1          49  0.97077990804641234     
           1          50  0.97764556364887711     
           1          51  0.98083720774315264     
           2          52  0.95212466238234139     
           3          53  0.97685546950051150     
           3          54  0.97973250907797615     
           3          55  0.96082128997115723     
           5          56  0.92166163802611512     
           7          57  0.96603582015644796     
           8          58  0.96874046993015051     
           9          59  0.96862990453879227     
          10          60  0.96852429238950899     
          11          61  0.96232947927650681     
          20          62  0.96317153665415300     
          21          63  0.96786733087605781     
          22          64  0.96858674582247739     
          23          65  0.96710586772819784     
          24          66  0.96655264014404307     
          26          67  0.97761664906798318     
          26          68  0.97323028621407648     
          26          69  0.96364641059582090     
          28          70  0.96275463398639283     
          29          71  0.96538740842393866     
          31          72  0.96673073897947392     
          32          73  0.96916250508658686     
          33          74  0.96955034792035288     
          34          75  0.96538449096563961     
          39          76  0.96333997300793006     
          40          77  0.96604234229414643     
          42          78  0.96690640673457007     
          43          79  0.96929388872622846     
          44          80  0.96968457742426684     
          45          81  0.96540246259380713     
          48          82  0.96307994579092637     
          48          83  0.97340368106928699     
          48          84  0.97636153746404608     
