   -0.10590425
   -0.01257616
   -0.10442245
    0.01046340
   -0.03558808
   -0.02748341
   -0.04017635
    0.00766652
   -0.01208193
   -0.10154690
   -0.10607914
    0.01511755
   -0.07170941
   -0.06093690
    0.29887047
   -0.15509655
    0.04657269
   -0.06456475
   -0.05938098
   -0.06377309
   -0.05711786
   -0.06371721
    0.03909673
   -0.06407417
   -0.06111683
   -0.06291833
   -0.06161653
   -0.06782169
   -0.13376924
   -0.02465488
    0.05368858
   -0.05374761
   -0.03546971
    0.01062903
   -0.03145481
   -0.02280662
   -0.02288842
   -0.03195525
    0.01094923
   -0.01035174
   -0.00781058
    0.05488583
   -0.04639883
   -0.03109204
    0.01498793
   -0.03079727
   -0.02415294
   -0.02448323
   -0.03253835
    0.01412910
   -0.12957102
   -0.03743519
    0.04827165
    0.04614044
    0.04030426
    0.04097247
    0.04691361
    0.04659733
    0.02695352
    0.05326133
    0.05114150
    0.05445313
    0.03427783
    0.04513175
    0.04649536
    0.03576208
    0.04778589
    0.04067593
    0.03073472
    0.04367384
    0.04969195
    0.03699423
    0.04837402
    0.03552524
    0.04472133
    0.04292884
    0.03558274
    0.04491698
    0.03393135
    0.04829743
    0.06806467
    0.03010391
    0.04794651
    0.04602964
    0.04080271
    0.03771718
    0.04811307
    0.04615917
    0.04788378
    0.04046460
    0.04153650
    0.06060734
    0.04349305
    0.07121342
    0.04151012
    0.04983157
    0.04616585
    0.04961894
    0.04714313
    0.03830638
    0.04367142
    0.05296479
    0.04708385
    0.04844919
    0.04473864
    0.03686162
    0.07246614
    0.05450514
    0.07006054
