           1           2  0.99222370678148675     
           2           3  0.99534533226632194     
           2           4   1.0017065646443455     
           4           5   1.4026787906890985     
           5           6   1.4443709938388360     
           4           7  0.10349401274035010     
           6           7   1.4317684957582890     
           5           8  0.10310957803009085     
           7           8   1.4146794266809943     
           8           9   1.0031508684177517     
           9          10  0.98630105920548328     
           9          11   1.0067575433452411     
           4          12   1.3812674152572038     
           8          12   1.3629295460803423     
          12          13  0.97744283963899903     
          13          14   1.1199535499251538     
          14          15   1.0309594025717408     
          15          16   1.2504332640484783     
          16          17  0.93233675854612730     
          17          18  0.98974219260652985     
          18          19   1.0029715087583664     
          19          20   1.0044810172863587     
          20          21   1.0060589427542257     
          17          22  0.98410272167641677     
          21          22   1.0080479339232056     
          16          23  0.94292136742523613     
          23          24  0.99290057936547926     
          24          25   1.0003070166182848     
          25          26   1.0041331939748923     
          26          27   1.0100524252858023     
          23          28  0.98954331499452453     
          27          28   1.0018458969405730     
          15          29   1.1770046179206304     
          29          30  0.97342184935667797     
          29          31  0.97456149748752530     
          31          32   1.2835472672107009     
          32          33   1.5535502982238503     
          33          34   1.2743606432902457     
          34          35   1.2800556186925414     
          35          36   1.5551737269247676     
          36          37   1.3221226720165542     
          35          38  0.11741566968808699     
          37          38   1.5533628392841656     
          34          39   1.2534845861123716     
          38          39   1.2831729988734331     
          31          40   1.4454489578800482     
          33          40  0.10579535120144209     
          39          40   1.2353098824491371     
          40          41   1.0335485406482510     
          41          42   1.4565156160981314     
          42          43   1.2859020049925305     
          41          44  0.10507166706867041     
          43          44   1.5577804912746545     
          44          45   1.2725552749402895     
          45          46   1.2789466116785273     
          46          47   1.5529050077152351     
          47          48   1.3239063475389230     
          46          49  0.11731283649017042     
          48          49   1.5494092018484273     
          41          50   1.2293467396166200     
          45          50   1.2552399039069932     
          49          50   1.2837240253085689     
          15          51   1.2091526358741234     
          42          51  0.97400998903929048     
          51          52  0.97140279710537725     
           1          53  0.98358965105956442     
           1          54  0.98315693162181284     
           1          55  0.98681383320867544     
           2          56  0.95283169072797602     
           3          57  0.98337035263623584     
           3          58  0.98469999671584618     
           3          59  0.98438124783708292     
           5          60  0.96222989969275152     
           6          61  0.96859473365608417     
           7          62  0.96257651953343670     
           9          63  0.95169642145686018     
          10          64  0.98002783881435995     
          10          65  0.98599597825929353     
          10          66  0.98011069522917571     
          11          67  0.98279151263421249     
          11          68  0.98069793537382832     
          11          69  0.98414033857978966     
          17          70  0.93828792836349684     
          18          71  0.97010366748870380     
          18          72  0.97177119437194548     
          19          73  0.97726865664781726     
          19          74  0.97934764457979739     
          20          75  0.97996657483036054     
          20          76  0.98016959426472194     
          21          77  0.97143193311827669     
          21          78  0.97631320391482790     
          22          79  0.97024904484168595     
          22          80  0.97221263098496280     
          23          81  0.94839194485331646     
          24          82  0.96982541829327640     
          24          83  0.95609913528383184     
          25          84  0.97931326071300950     
          25          85  0.97947179541699669     
          26          86  0.97915268160486479     
          26          87  0.97746956561797982     
          27          88  0.97719449255527313     
          27          89  0.97666108194593049     
          28          90  0.97767727936099680     
          28          91  0.95538362341998506     
          30          92  0.96527932242843262     
          30          93  0.97291644615004025     
          30          94  0.97507522544145353     
          32          95  0.96323860171125109     
          33          96  0.96644539503301674     
          35          97  0.96721346758275306     
          36          98  0.96948418091577970     
          37          99  0.96969198206975415     
          38         100  0.96564262727712324     
          43         101  0.96267216259900013     
          44         102  0.96629130638551752     
          46         103  0.96705449934408783     
          47         104  0.96954107414912749     
          48         105  0.96994153713284958     
          49         106  0.96422660380349057     
          52         107  0.97758095963918956     
          52         108  0.97210820944368859     
          52         109  0.96229974722252576     
