   -0.11622820
    0.03880805
   -0.01007651
   -0.03884135
   -0.03361286
   -0.03303974
    0.01593979
   -0.03062748
   -0.02378719
   -0.02406619
   -0.03767455
    0.00774520
   -0.14455188
    0.04320612
   -0.11049806
   -0.01167362
   -0.04361734
   -0.03286118
   -0.03289220
    0.01639300
   -0.03106577
   -0.02548952
   -0.02660030
   -0.04046094
    0.00461754
    0.27847428
   -0.05009326
   -0.05814882
    0.03716366
   -0.03072330
   -0.02337642
   -0.02212269
   -0.02362897
   -0.03267593
   -0.11801245
   -0.03957118
    0.05778416
   -0.04907044
   -0.03342584
    0.01117890
   -0.03149694
   -0.02386423
   -0.02410152
   -0.03399849
    0.01091535
   -0.01272357
   -0.00774938
    0.05244565
   -0.04581329
   -0.03337290
    0.01240199
   -0.03069154
   -0.02187493
   -0.02199822
   -0.02958706
    0.01140388
   -0.13350247
   -0.02782822
    0.06586349
    0.05349201
    0.05915975
    0.07302239
    0.03272705
    0.03414861
    0.04640637
    0.04583447
    0.04775744
    0.04429765
    0.02927361
    0.05274344
    0.05691551
    0.05453161
    0.04715552
    0.03437107
    0.04315595
    0.04780681
    0.04695654
    0.04537192
    0.03502328
    0.01907001
    0.05258183
    0.05722596
    0.05699779
    0.05115477
    0.04704422
    0.05929628
    0.07280412
    0.06978679
    0.04942740
    0.05133445
    0.04671240
    0.04862621
    0.04514192
    0.03436118
    0.03842126
    0.05191375
    0.04745132
    0.05054345
    0.04724662
    0.04064778
    0.05742777
    0.06206523
    0.05534244
