           1           2  0.99651428694135347     
           2           3  0.98434873451839555     
           3           4   1.5243210548710975     
           4           5   1.3249278053097822     
           3           6  0.11507540365273222     
           5           6   1.5486675831120209     
           6           7   1.2817758410517781     
           7           8   1.2784875645306137     
           8           9   1.5579194864794390     
           9          10   1.3210759199911364     
           8          11  0.11794561163010778     
          10          11   1.5546250915974873     
           3          12   1.2527513589720081     
           7          12   1.2501503240940222     
          11          12   1.2826198413189898     
           2          13  0.93710709771350775     
          13          14  0.92498232437046901     
          14          15  0.99127698341701953     
          14          16  0.98574777951023795     
          16          17   1.5267850294563468     
          17          18   1.3197469168396165     
          16          19  0.11471759997245219     
          18          19   1.5568106369972075     
          19          20   1.2773609471768910     
          20          21   1.2800370843073046     
          21          22   1.5557544835683945     
          22          23   1.3241473892709594     
          21          24  0.11844903827849504     
          23          24   1.5518058146588962     
          16          25   1.2451661373615222     
          20          25   1.2541034965393920     
          24          25   1.2859306731588163     
          13          26   1.2507145901628454     
          26          27   1.0030809673922088     
          27          28   1.1500940723430859     
          28          29  0.97699357735680936     
          29          30   1.4051242307340355     
          30          31   1.4433175109270506     
          29          32  0.10274115160865430     
          31          32   1.4329335202306910     
          30          33  0.10967715593355581     
          32          33   1.4388591369777781     
          29          34   1.4064237153920438     
          31          34  0.10874764669447291     
          33          34   1.4379270187307824     
          26          35   1.2075177946917526     
          35          36  0.97113328914139441     
          35          37  0.99892733937527722     
          37          38   1.2796134466865485     
          38          39   1.5593458294678919     
          39          40   1.2691487500359020     
          40          41   1.2813041359255548     
          41          42   1.5533459730367665     
          42          43   1.3240709098776793     
          41          44  0.11736242150038817     
          43          44   1.5515055567367655     
          40          45   1.2552950752324692     
          44          45   1.2851195306790228     
          37          46   1.4488915144051251     
          39          46  0.10425181673228037     
          45          46   1.2309026784620853     
          46          47   1.0333514549293392     
          47          48   1.4515769378274175     
          48          49   1.2895002932831425     
          47          50  0.10560679813501420     
          49          50   1.5530203221879648     
          50          51   1.2736777734486608     
          51          52   1.2813446743314860     
          52          53   1.5537136454141862     
          53          54   1.3232281559967434     
          52          55  0.11746748523092158     
          54          55   1.5504038819056380     
          47          56   1.2311984628594537     
          51          56   1.2519584523483551     
          55          56   1.2846984809437947     
          26          57   1.2068382258048769     
          48          57  0.95367771502372944     
          57          58  0.97281279499725160     
           1          59  0.97763014332442988     
           1          60  0.97635354510374883     
           1          61  0.96430138756102968     
           2          62  0.94077981965517854     
           4          63  0.92526857500992654     
           5          64  0.96893949577738003     
           6          65  0.96683438274912559     
           8          66  0.96704801520927908     
           9          67  0.96952712531785512     
          10          68  0.97007257365182342     
          11          69  0.95924604584690076     
          14          70  0.92823477893360617     
          15          71  0.97754225414164386     
          15          72  0.97939064742210336     
          15          73  0.97610282263210046     
          17          74  0.96047675435947633     
          18          75  0.96978694382624508     
          19          76  0.96683568872615633     
          21          77  0.96697005698171268     
          22          78  0.96969656455150788     
          23          79  0.96897318474859540     
          24          80  0.95834596032371611     
          30          81  0.96667209899565865     
          31          82  0.96745995811582441     
          32          83  0.96889960174191736     
          33          84  0.96820360387275428     
          34          85  0.96362892066721539     
          36          86  0.97025295007256185     
          36          87  0.95604830825774900     
          36          88  0.97755258943524703     
          38          89  0.96169453131796212     
          39          90  0.96636405334812459     
          41          91  0.96711021165035449     
          42          92  0.96955313223349138     
          43          93  0.96988908721862277     
          44          94  0.96522093695528199     
          49          95  0.96272519911719967     
          50          96  0.96636793883582128     
          52          97  0.96708352709277778     
          53          98  0.96936831843030036     
          54          99  0.96950320127784639     
          55         100  0.96551959409779053     
          58         101  0.96672785975707809     
          58         102  0.97497055327730087     
          58         103  0.97652420385234073     
