   -0.10609278
   -0.01252719
   -0.10605852
    0.01114028
   -0.03530845
   -0.02736224
   -0.04037940
    0.00707977
   -0.01214764
   -0.10194164
   -0.10660887
    0.01507014
   -0.06775575
   -0.06823777
    0.29547042
   -0.13666547
    0.00442397
   -0.06616995
   -0.06200120
   -0.06325574
   -0.06298714
    0.01152562
   -0.12145206
   -0.02795819
    0.05202732
   -0.05258029
   -0.03427211
    0.01207181
   -0.03081209
   -0.02221418
   -0.02261449
   -0.03206717
    0.01167385
   -0.00900331
   -0.00716924
    0.05344630
   -0.04621838
   -0.03057481
    0.01533096
   -0.03009622
   -0.02384008
   -0.02406001
   -0.03193542
    0.01455921
   -0.13139455
   -0.03360764
    0.04751811
    0.02763596
    0.04803496
    0.04078997
    0.04658543
    0.04044892
    0.04864928
    0.05417033
    0.05186341
    0.05501436
    0.03317571
    0.04726576
    0.04563121
    0.03625462
    0.04139181
    0.03097901
    0.04866764
    0.06403138
    0.04144367
    0.05277486
    0.05858204
    0.04183706
    0.05215118
    0.04958546
    0.04523286
    0.05131582
    0.04103899
    0.05835174
    0.04675250
    0.06213883
    0.04991805
    0.07307585
    0.04222713
    0.05238967
    0.04760588
    0.05070072
    0.04786887
    0.03862015
    0.04333731
    0.05417230
    0.04806743
    0.04932637
    0.04553495
    0.03760463
    0.06189628
    0.07816299
    0.05372890
