           1           2  0.99493785274912938     
           2           3  0.99215108417377873     
           2           4   1.0019787777041167     
           4           5   1.4015832312201886     
           5           6   1.4453572210040917     
           4           7  0.10323465223706703     
           6           7   1.4304935545976556     
           5           8  0.10314547534924287     
           7           8   1.4159917136967504     
           8           9   1.0030618057470309     
           9          10  0.98642291593174591     
           9          11   1.0070756102062237     
           4          12   1.3816426560118455     
           8          12   1.3613329427678058     
          12          13  0.97795293522642079     
          13          14   1.1140316463317199     
          14          15   1.0473863449528591     
          15          16   1.2471022232131197     
          16          17  0.95410243904217784     
          17          18   1.0014018843948096     
          18          19   1.0061677262018340     
          19          20   1.0093003881167477     
          20          21   1.0085723831995701     
          16          22  0.95431860265194535     
          21          22  0.99892241956050087     
          15          23   1.2200441791789522     
          23          24  0.97063319472519238     
          23          25  0.96709746945138986     
          25          26   1.2876488886386168     
          26          27   1.5541084343915981     
          27          28   1.2747225029006202     
          28          29   1.2797767747973481     
          29          30   1.5552996043894218     
          30          31   1.3223578613412945     
          29          32  0.11748740554356624     
          31          32   1.5529763188299852     
          28          33   1.2541845300926771     
          32          33   1.2838208432114468     
          25          34   1.4530504666144699     
          27          34  0.10638552560302772     
          33          34   1.2332749954213700     
          34          35   1.0330552882258706     
          35          36   1.4555705303364925     
          36          37   1.2889015926113871     
          35          38  0.10591193319859160     
          37          38   1.5548191258189161     
          38          39   1.2740556076387464     
          39          40   1.2792307727999568     
          40          41   1.5531810511095503     
          41          42   1.3230726407076099     
          40          43  0.11753123249434357     
          42          43   1.5501814190086536     
          35          44   1.2313608592257117     
          39          44   1.2541533689414954     
          43          44   1.2833081976428478     
          15          45   1.2031281102876719     
          36          45  0.96720562249159547     
          45          46  0.97118665383789460     
           1          47  0.98339182142599468     
           1          48  0.98598657349958030     
           1          49  0.98443586927632420     
           2          50  0.95288081432092497     
           3          51  0.98303751921218807     
           3          52  0.98681714678181298     
           3          53  0.98355564964245223     
           5          54  0.96204724038026479     
           6          55  0.96852496695784240     
           7          56  0.96247613035452539     
           9          57  0.95147448203927520     
          10          58  0.98589046769985811     
          10          59  0.98028284167611268     
          10          60  0.97870020933823754     
          11          61  0.98114009570206195     
          11          62  0.98397889065531863     
          11          63  0.98272696760159017     
          17          64  0.95149414941960342     
          17          65  0.97010533544107713     
          18          66  0.97211607261724942     
          18          67  0.97040083057486703     
          19          68  0.97533529834688737     
          19          69  0.97600991721679353     
          20          70  0.97458765965119620     
          20          71  0.97475413737279160     
          21          72  0.97165324823363408     
          21          73  0.96660931116477966     
          22          74  0.96605032415862013     
          22          75  0.95372392212267232     
          24          76  0.96447424662965775     
          24          77  0.97199855409224778     
          24          78  0.97510173708113745     
          26          79  0.96203317631294938     
          27          80  0.96620429414923037     
          29          81  0.96705534039814078     
          30          82  0.96935251472086048     
          31          83  0.96962842410429495     
          32          84  0.96533519675050816     
          37          85  0.96434197960956003     
          38          86  0.96621451421167581     
          40          87  0.96700344105125446     
          41          88  0.96946904187761740     
          42          89  0.96985836719116980     
          43          90  0.96422089815626899     
          46          91  0.97193227001537896     
          46          92  0.97686536379194555     
          46          93  0.97379036612518621     
