   -0.11727193
    0.02466767
   -0.04931560
    0.02211992
   -0.11526376
   -0.04903080
    0.02850690
   -0.02143305
   -0.07544681
    0.57247258
   -0.17250927
    0.05003272
   -0.12231780
   -0.12553538
    0.04495830
   -0.12685458
   -0.12457952
   -0.26960097
    0.12360195
   -0.05622283
   -0.02841635
   -0.03765695
    0.01704478
   -0.01323412
    0.02452305
   -0.06089208
   -0.06625329
   -0.06006423
   -0.06595418
    0.01762821
   -0.03512547
   -0.02389902
   -0.05189840
    0.11879408
   -0.01369550
   -0.25692912
   -0.04884372
    0.05355020
    0.06853719
    0.05419888
    0.05174435
    0.04863483
    0.05421746
    0.06687824
    0.04734533
    0.04210956
    0.06323867
    0.05696845
    0.06121332
    0.06031827
    0.04655022
    0.06686214
    0.06733235
    0.05584547
    0.06972382
    0.05077772
    0.05262419
    0.06810378
    0.05757947
    0.05961723
    0.06281777
    0.06417593
    0.04278222
    0.05447550
    0.06234716
    0.06466571
    0.04273031
    0.05328605
    0.06436526
    0.06307870
    0.06609536
    0.06840115
    0.05932096
    0.05138133
