           1           2   1.0299564087455206     
           2           3   1.4100464316496617     
           3           4   1.4103631773033301     
           4           5   1.0290251328428983     
           2           6  0.10000975557281486     
           4           6   1.4022915945104322     
           6           7   1.4055267763350170     
           7           8  0.97230509679296584     
           8           9   1.1680376552976155     
           9          10  0.97154517220173520     
          10          11   1.2374602155795060     
          11          12  0.94126847207587705     
          12          13   1.0030735047276680     
          12          14   1.0056776329420640     
          11          15  0.93693108911793554     
          15          16   1.0069249686234722     
          15          17   1.0067728922461088     
          10          18   1.2876922700737672     
          18          19  0.87249018203168827     
          19          20   1.3824627264221645     
          20          21   1.4509109966862905     
          21          22   1.4200397061429375     
          20          23  0.10647704143225330     
          22          23   1.4398160548657943     
          19          24   1.4047043947624038     
          21          24  0.10455369734182419     
          23          24   1.3449950811084361     
          24          25  0.99016322689692637     
          25          26  0.95716888454040649     
          23          27   1.0171435395897124     
          26          27   1.0023637445959046     
          25          28  0.95527099749556021     
          28          29   1.0019760411886207     
          29          30   1.0167499705918714     
          30          31   1.4390423239170342     
          31          32   1.4214582085142087     
          30          33  0.10675414551648398     
          32          33   1.4495957949278930     
          33          34   1.3831974807730723     
          25          35  0.99104815765988874     
          30          35   1.3463434003158576     
          32          35  0.10449369270394300     
          34          35   1.4050578838105741     
          10          36   1.2936273244508003     
          34          36  0.87314461269044363     
           2          37   1.4011097033453312     
           4          37  0.10196630652503672     
           7          37   1.4128508648609537     
           1          38  0.98001213641056983     
           1          39  0.95969893253658878     
           1          40  0.97911162785054573     
           3          41  0.96638836775953829     
           5          42  0.98264853615688530     
           5          43  0.97659303378304840     
           5          44  0.96147005762551896     
           6          45  0.96574772149459420     
          12          46  0.94517119626091917     
          13          47  0.98062777313078997     
          13          48  0.98055204480980962     
          13          49  0.97972193461761303     
          14          50  0.98082328044396450     
          14          51  0.97779502124842699     
          14          52  0.97900671053649002     
          15          53  0.95532634803599425     
          16          54  0.97499637819531404     
          16          55  0.97933945722697169     
          16          56  0.97844921864102918     
          17          57  0.98401684829634573     
          17          58  0.97950891198466661     
          17          59  0.97858652197692286     
          20          60  0.96119376915626675     
          21          61  0.96791425458044589     
          22          62  0.96603747014354480     
          26          63  0.97851418143595403     
          26          64  0.97678273612732602     
          27          65  0.96478932998328648     
          27          66  0.95456740307980781     
          28          67  0.97860472400139309     
          28          68  0.97692181798621358     
          29          69  0.95479312460118138     
          29          70  0.96536710738215870     
          31          71  0.96583128759396708     
          32          72  0.96730282542166623     
          33          73  0.96324220832002738     
          37          74  0.96531146825853020     
