   -0.11601994
    0.02676627
   -0.03588618
   -0.02623707
   -0.03777405
    0.03362119
   -0.01966620
   -0.06853689
    0.57273271
   -0.17097898
    0.04447729
   -0.12692420
   -0.12408897
    0.04978236
   -0.12318834
   -0.12544466
   -0.25563489
    0.11911994
   -0.05239424
   -0.02479995
   -0.03639722
    0.01516560
   -0.01434740
    0.02418832
   -0.06196285
   -0.06661186
   -0.06064201
   -0.06649150
    0.01674633
   -0.03752624
   -0.02786970
   -0.05479467
    0.12326697
   -0.01454709
   -0.27254347
   -0.04159819
    0.05585208
    0.06865191
    0.05086106
    0.05131543
    0.05199188
    0.04719085
    0.06934448
    0.06954608
    0.05432163
    0.05208431
    0.06831932
    0.05585061
    0.05201594
    0.04685323
    0.06128840
    0.05634450
    0.06669999
    0.05978120
    0.06998076
    0.04732374
    0.06125726
    0.06846792
    0.06400464
    0.04228395
    0.05391057
    0.06553035
    0.05926118
    0.05414391
    0.04297414
    0.06448981
    0.06308485
    0.06493063
    0.06505467
    0.06229183
    0.04973665
