           1           2   1.0299274748710989     
           2           3   1.4008731917243136     
           3           4   1.4427688072788050     
           2           5  0.10566124185652073     
           4           5   1.4351698244043984     
           5           6   1.4069224744584006     
           6           7  0.97739825707961669     
           7           8   1.1756008104425189     
           8           9  0.96980508342548177     
           9          10   1.2363355849989577     
          10          11  0.93670269106686765     
          11          12   1.0067927677869122     
          11          13   1.0067642855118439     
          10          14  0.93782405368946897     
          14          15   1.0035256193221267     
          14          16   1.0061179615313427     
           9          17   1.2999571123790059     
          17          18  0.87632586848439387     
          18          19   1.3826512050605977     
          19          20   1.4505012927937113     
          20          21   1.4203169537682039     
          19          22  0.10710650328774736     
          21          22   1.4392327306432557     
          18          23   1.4058037986892176     
          20          23  0.10434150935198377     
          22          23   1.3458557924608558     
          23          24  0.99156185483492121     
          24          25  0.95544914728947161     
          22          26   1.0165636643157137     
          25          26   1.0022985062624401     
          24          27  0.95693971950262691     
          27          28   1.0023527953338791     
          28          29   1.0168486749567303     
          29          30   1.4393063114303635     
          30          31   1.4206664960737549     
          29          32  0.10633204311899838     
          31          32   1.4501651752002873     
          32          33   1.3838224026214738     
          24          34  0.98973922005015103     
          29          34   1.3461167585781373     
          31          34  0.10481759697434935     
          33          34   1.4037434337754076     
           9          35   1.2840267652049953     
          33          35  0.87184725322347290     
           2          36   1.4057519510779819     
           4          36  0.10438480790368339     
           6          36   1.4076168384800771     
           1          37  0.97756889293482485     
           1          38  0.95984400813679271     
           1          39  0.98151973389905667     
           3          40  0.96705601533528929     
           4          41  0.96711440734148946     
           5          42  0.96657090646603616     
          11          43  0.95473741513716459     
          12          44  0.97937751593866473     
          12          45  0.97531406409953769     
          12          46  0.97906541105603306     
          13          47  0.97944953974352378     
          13          48  0.97875423066689970     
          13          49  0.98397570405011336     
          14          50  0.94591964496545011     
          15          51  0.97940024341031184     
          15          52  0.98060598369150165     
          15          53  0.97991028938363833     
          16          54  0.98094685718904839     
          16          55  0.97894952485196407     
          16          56  0.97818967335777507     
          19          57  0.96280718022386980     
          20          58  0.96729331429616650     
          21          59  0.96582293855800705     
          25          60  0.97550445101550998     
          25          61  0.97677148351602128     
          26          62  0.95463201177113421     
          26          63  0.96290827203438101     
          27          64  0.97679284696440982     
          27          65  0.97845234478638088     
          28          66  0.95483184575029789     
          28          67  0.96469192900803935     
          30          68  0.96590773343651537     
          31          69  0.96761874332776232     
          32          70  0.96140245669140911     
          36          71  0.96590979252085019     
