   -0.11079811
   -0.06444339
    0.04552840
   -0.11898110
   -0.12917419
    0.04314527
   -0.11998026
   -0.06079532
   -0.10966890
    0.23693213
   -0.06924817
   -0.05214122
    0.03921228
   -0.03464833
   -0.02251683
   -0.02398584
   -0.02348938
   -0.03128529
   -0.12002707
   -0.02554562
    0.05307035
   -0.04610323
   -0.03241787
    0.01429130
   -0.03015779
   -0.02153111
   -0.02224665
   -0.03182272
    0.01254128
   -0.00690243
   -0.00625827
    0.05366189
   -0.04504189
   -0.03018746
    0.01449707
   -0.02961454
   -0.02144535
   -0.02198882
   -0.03170790
    0.01227982
   -0.12596245
   -0.03300526
    0.05473007
    0.04539057
    0.04783245
    0.04828153
    0.04246922
    0.05467236
    0.05153474
    0.04505952
    0.06785327
    0.06276355
    0.05213566
    0.06334672
    0.04804658
    0.04576543
    0.03811108
    0.04822399
    0.04786123
    0.05165662
    0.05048511
    0.05721761
    0.05686173
    0.05355290
    0.04871825
    0.06869333
    0.06133475
    0.04864219
    0.04235153
    0.05439049
    0.04884895
    0.05155776
    0.04830360
    0.03788422
    0.04644660
    0.05657308
    0.04992254
    0.05207158
    0.04868098
    0.03898587
    0.05231898
    0.07296814
    0.06541819
