           1           2   1.0166818515443243     
           2           3  0.98966324375212467     
           3           4   1.0044756618131294     
           3           5  0.93946998716026642     
           5           6  0.92978044342814270     
           6           7   1.0047989579508410     
           6           8  0.99235913349345972     
           8           9   1.0157913006926413     
           5          10   1.2825626099065794     
          10          11  0.90163934356641140     
          11          12   1.2661646142052252     
          12          13  0.97015205248729097     
          13          14   1.4016565935183061     
          14          15   1.4393483891462016     
          13          16  0.10273019174952218     
          15          16   1.4377071043260958     
          14          17  0.10872897335202870     
          16          17   1.4341016410659906     
          13          18   1.4065600052598168     
          15          18  0.10948815817098667     
          17          18   1.4409847991895939     
          10          19   1.2267582951414622     
          19          20  0.96962657787545681     
          19          21  0.96620401446138060     
          21          22   1.2818312874274911     
          22          23   1.5594231627784221     
          23          24   1.2712342871834521     
          24          25   1.2817235168931653     
          25          26   1.5532638007880510     
          26          27   1.3246815419251612     
          25          28  0.11736566642917549     
          27          28   1.5503918356926052     
          24          29   1.2558756601612586     
          28          29   1.2872345520239401     
          21          30   1.4681806573942719     
          23          30  0.10493195487466278     
          29          30   1.2267289740724139     
          30          31   1.0341914172638951     
          31          32   1.4464508636444053     
          32          33   1.2773744895608654     
          31          34  0.10398805937322782     
          33          34   1.5482104717711367     
          34          35   1.2750158805383560     
          35          36   1.2805011203421925     
          36          37   1.5543919279484801     
          37          38   1.3229025257285145     
          36          39  0.11708967374213940     
          38          39   1.5517420024119424     
          31          40   1.2337610111133610     
          35          40   1.2522576753821733     
          39          40   1.2852141059627837     
          10          41   1.2150122221571686     
          32          41  0.96332067323654247     
          41          42  0.97621867232863035     
           1          43  0.98430428867663933     
           1          44  0.98397921584206594     
           1          45  0.98384793436322049     
           2          46  0.97288175564792789     
           2          47  0.96830504630911496     
           3          48  0.93098642441219948     
           4          49  0.97880017304496580     
           4          50  0.97900260356052016     
           4          51  0.97534430608871514     
           6          52  0.95249779331735818     
           7          53  0.97433228964610086     
           7          54  0.97926450604299742     
           7          55  0.97892069479440669     
           8          56  0.95277262041743893     
           8          57  0.97066821112298018     
           9          58  0.98536708096244818     
           9          59  0.98566325543279898     
           9          60  0.98477026473811391     
          14          61  0.96743538190108302     
          15          62  0.96739745475983296     
          16          63  0.96875836830795869     
          17          64  0.96770449432770056     
          18          65  0.95242206071876856     
          20          66  0.97520832644791966     
          20          67  0.96480780684118317     
          20          68  0.97173612860857306     
          22          69  0.96091945044147731     
          23          70  0.96577416686234607     
          25          71  0.96690776987498661     
          26          72  0.96924713325946321     
          27          73  0.96960913352752109     
          28          74  0.96508770547788325     
          33          75  0.95737360200199828     
          34          76  0.96562093846608499     
          36          77  0.96683700077401036     
          37          78  0.96920991944998636     
          38          79  0.96956923837533893     
          39          80  0.96565098462745769     
          42          81  0.97468192008309984     
          42          82  0.97580153602422204     
          42          83  0.96515615683629308     
