   -0.11026712
   -0.06467497
    0.04489973
   -0.11541417
   -0.14479561
    0.03711965
   -0.12132222
   -0.07018030
   -0.10971786
    0.28389495
   -0.05720012
   -0.05445892
    0.03799877
   -0.03264096
   -0.02369956
   -0.02368046
   -0.02375919
   -0.03335344
   -0.11986707
   -0.03972242
    0.05256362
   -0.04494171
   -0.03060038
    0.01373719
   -0.02987317
   -0.02283477
   -0.02385143
   -0.03283941
    0.01236254
   -0.00726174
   -0.00735220
    0.05088946
   -0.05065466
   -0.03354044
    0.01316039
   -0.03054796
   -0.02182293
   -0.02233744
   -0.03228138
    0.01214792
   -0.12626828
   -0.02957299
    0.04671835
    0.03881563
    0.05711086
    0.04000579
    0.05290231
    0.05405350
    0.06172141
    0.05632852
    0.04090707
    0.06747915
    0.04972747
    0.07031083
    0.05189508
    0.04255476
    0.05393816
    0.04815327
    0.05432838
    0.04336172
    0.05083588
    0.05658207
    0.05729939
    0.05366557
    0.04555130
    0.07245034
    0.06901977
    0.05785070
    0.04338800
    0.05551387
    0.04891010
    0.05028984
    0.04610928
    0.03689627
    0.04052779
    0.05265585
    0.04807527
    0.05119308
    0.04829632
    0.03932485
    0.06098283
    0.05667656
    0.06015388
