           1           2   1.0171131081054778     
           2           3  0.98587264379488415     
           3           4   1.0067568200475312     
           3           5  0.93358106228877746     
           5           6  0.94127273277948764     
           6           7   1.0087587410350451     
           6           8  0.98823124927362294     
           8           9   1.0168612924039067     
           5          10   1.2556441941370462     
          10          11  0.97698683691785748     
          11          12   1.1656373961325921     
          12          13  0.98284776767152748     
          13          14   1.4047274138297310     
          14          15   1.4425014487070997     
          13          16  0.10219606750320899     
          15          16   1.4337964143498347     
          14          17  0.10933930243391893     
          16          17   1.4371320396237994     
          13          18   1.3985246511406657     
          15          18  0.10856703836054712     
          17          18   1.4399989107235072     
          10          19   1.2247292281544808     
          19          20  0.97276010669076385     
          19          21  0.96589335163119849     
          21          22   1.2882884318955414     
          22          23   1.5550806359829774     
          23          24   1.2726691007980460     
          24          25   1.2807863050423569     
          25          26   1.5546291189319563     
          26          27   1.3228307530466168     
          25          28  0.11745376169534022     
          27          28   1.5517000648255863     
          24          29   1.2536496230161707     
          28          29   1.2826301109258267     
          21          30   1.4536597351327136     
          23          30  0.10509421281089094     
          29          30   1.2346491004009230     
          30          31   1.0326185985640948     
          31          32   1.4625762433033174     
          32          33   1.2840039059785151     
          31          34  0.10498687737095412     
          33          34   1.5578532126360081     
          34          35   1.2727852811982134     
          35          36   1.2812605883384400     
          36          37   1.5537797410402918     
          37          38   1.3239906935212711     
          36          39  0.11738832045099344     
          38          39   1.5512041523318119     
          31          40   1.2301031654533596     
          35          40   1.2545614179377342     
          39          40   1.2863165716055582     
          10          41   1.2297815514779460     
          32          41  0.96652649675419922     
          41          42  0.97417671557150287     
           1          43  0.98558718800426548     
           1          44  0.98667204464107539     
           1          45  0.98413011859694821     
           2          46  0.96665422974550352     
           2          47  0.97293662399556624     
           3          48  0.93693559892645617     
           4          49  0.97829281999202933     
           4          50  0.98103297702680059     
           4          51  0.97771612235557992     
           6          52  0.95370852018038210     
           7          53  0.98231158732745150     
           7          54  0.97613173280407983     
           7          55  0.96518226738631674     
           8          56  0.97117492446889864     
           8          57  0.95984647513236165     
           9          58  0.98446013581445979     
           9          59  0.98447355734382858     
           9          60  0.98536730011892937     
          14          61  0.96552343725721379     
          15          62  0.96749117229088288     
          16          63  0.96884676053148189     
          17          64  0.96782315706138444     
          18          65  0.96511123863171111     
          20          66  0.97655798967628227     
          20          67  0.96246009797337151     
          20          68  0.97510458247102738     
          22          69  0.96318557966647966     
          23          70  0.96606672967614582     
          25          71  0.96697934629710880     
          26          72  0.96940714540507611     
          27          73  0.96978943012369401     
          28          74  0.96595542107179189     
          33          75  0.96222495152027410     
          34          76  0.96611339363549642     
          36          77  0.96696901153491699     
          37          78  0.96928824996658070     
          38          79  0.96962507229048134     
          39          80  0.96479885665988974     
          42          81  0.97611529553093668     
          42          82  0.97099001757506109     
          42          83  0.96421044608196760     
