   -0.10596340
   -0.01270936
   -0.10548435
    0.01095172
   -0.03567241
   -0.02805776
   -0.04093020
    0.00638442
   -0.01235262
   -0.10204829
   -0.10569131
    0.01571789
   -0.06962647
   -0.08073657
    0.30666689
   -0.13788273
   -0.00302123
   -0.00275896
   -0.03781175
   -0.02719859
   -0.02578426
   -0.02677111
   -0.03832048
    0.00501709
   -0.00390855
   -0.03214602
   -0.02462142
   -0.02397040
   -0.02592988
   -0.03613110
   -0.12490514
   -0.03463081
    0.05262545
   -0.04292010
   -0.03002895
    0.01596089
   -0.02927131
   -0.02332135
   -0.02388161
   -0.03109268
    0.01464805
   -0.00581592
   -0.00853725
    0.05445963
   -0.05187212
   -0.03262743
    0.01277135
   -0.03044798
   -0.02247863
   -0.02287158
   -0.03253587
    0.01210296
   -0.12764559
   -0.02843962
    0.04024474
    0.04625074
    0.04823288
    0.04187568
    0.02689600
    0.04760629
    0.04693866
    0.05352647
    0.05100023
    0.05395176
    0.03320487
    0.03650686
    0.04720393
    0.04514629
    0.02972967
    0.04118726
    0.04874542
    0.06104244
    0.06955632
    0.03870135
    0.04623031
    0.04975403
    0.04693148
    0.04156874
    0.05661780
    0.05700510
    0.03795375
    0.05074324
    0.05096939
    0.04262136
    0.02767422
    0.06601054
    0.06920115
    0.05408119
    0.04202493
    0.05489000
    0.04853901
    0.04965162
    0.04561576
    0.03819935
    0.03789076
    0.05222915
    0.04752220
    0.05018905
    0.04721752
    0.03787773
    0.04861061
    0.06301509
    0.07316389
