           1           2  0.99225881489186574     
           2           3  0.99522277963482797     
           2           4   1.0016873071405858     
           4           5   1.4007585650353280     
           5           6   1.4462748680793374     
           4           7  0.10309064572597712     
           6           7   1.4295365585432944     
           5           8  0.10328225429954527     
           7           8   1.4172772577514001     
           8           9   1.0028780499478087     
           9          10  0.98653614118401345     
           9          11   1.0072898645822708     
           4          12   1.3830378431473287     
           8          12   1.3609280242876267     
          12          13  0.97789172511569622     
          13          14   1.1306124195160085     
          14          15  0.99937797295686503     
          15          16   1.2625570043917143     
          16          17  0.94254383534152353     
          17          18   1.0007528933986545     
          18          19   1.4080605964400341     
          19          20   1.4456371333578719     
          18          21  0.10965394154479804     
          20          21   1.4364864920761291     
          19          22  0.11113015974569126     
          21          22   1.4400285931876273     
          18          23   1.4112840271557423     
          20          23  0.11013650973417459     
          22          23   1.4410382182480108     
          16          24  0.94431802198601689     
          24          25  0.99863442110991896     
          25          26   1.4132900765492153     
          26          27   1.4378605429523503     
          25          28  0.10950867401246255     
          27          28   1.4418177251806297     
          26          29  0.10970825067618231     
          28          29   1.4357737173920020     
          25          30   1.4092911323286963     
          27          30  0.11123425488734809     
          29          30   1.4461589266480812     
          15          31   1.2205362481006916     
          31          32  0.97179664896363083     
          31          33  0.95677534234653616     
          33          34   1.2895393124507861     
          34          35   1.5549609927753834     
          35          36   1.2734853124740113     
          36          37   1.2806457280680914     
          37          38   1.5532111365609957     
          38          39   1.3225482837833673     
          37          40  0.11766419698085778     
          39          40   1.5502044146100293     
          36          41   1.2538330223452707     
          40          41   1.2838356789569634     
          33          42   1.4582253674743306     
          35          42  0.10594464404551247     
          41          42   1.2314855280311610     
          42          43   1.0329603003768320     
          43          44   1.4519994869596191     
          44          45   1.2854478456919964     
          43          46  0.10583249749512542     
          45          46   1.5542086161423960     
          46          47   1.2742540068865089     
          47          48   1.2797823209351660     
          48          49   1.5552352437184296     
          49          50   1.3224899189413715     
          48          51  0.11751494324061468     
          50          51   1.5529285071117278     
          43          52   1.2336579493077970     
          47          52   1.2545124831385481     
          51          52   1.2835852648223360     
          15          53   1.2153138637858443     
          44          53  0.97491750002920163     
          53          54  0.97204002153486313     
           1          55  0.98685097567232805     
           1          56  0.98307076897484791     
           1          57  0.98358602425672581     
           2          58  0.95286392888442206     
           3          59  0.98587801913162754     
           3          60  0.98452510046444419     
           3          61  0.98343431863575992     
           5          62  0.96212698871602231     
           6          63  0.96863367416566393     
           7          64  0.96258808953794328     
           9          65  0.95156363358400253     
          10          66  0.97828142681568875     
          10          67  0.98591566568227051     
          10          68  0.98041887051704768     
          11          69  0.98367684444663894     
          11          70  0.98223561190413144     
          11          71  0.98270833337437080     
          17          72  0.95563095094984862     
          17          73  0.96129951015136816     
          19          74  0.96150396936020088     
          20          75  0.96990263269540777     
          21          76  0.96986651867037676     
          22          77  0.96976597253807184     
          23          78  0.96189481196594762     
          24          79  0.96584641479868005     
          24          80  0.94656894248387968     
          26          81  0.96735303760540781     
          27          82  0.96954928396255291     
          28          83  0.96983081935833038     
          29          84  0.97026381065076561     
          30          85  0.96103767600244583     
          32          86  0.96388739862460437     
          32          87  0.97666087996457707     
          32          88  0.97498771124632377     
          34          89  0.96375248849591144     
          35          90  0.96609235585299080     
          37          91  0.96696278018983062     
          38          92  0.96945338575114648     
          39          93  0.96986280324286378     
          40          94  0.96397155045463534     
          45          95  0.96187651441156374     
          46          96  0.96623927014617328     
          48          97  0.96708563841262618     
          49          98  0.96940484119274661     
          50          99  0.96968957221440433     
          51         100  0.96540312715298016     
          54         101  0.97388603717371414     
          54         102  0.96276300089283884     
          54         103  0.97424257430228089     
