   -0.12562696
    0.04529366
   -0.12387147
   -0.14181025
    0.04496020
   -0.06518969
   -0.06579387
    0.00825676
   -0.03341516
   -0.02508235
   -0.03058124
   -0.03928993
   -0.01557209
    0.30724947
   -0.05628789
   -0.05411813
    0.03736136
   -0.03222075
   -0.02369660
   -0.02330788
   -0.02371365
   -0.03255381
   -0.12722164
   -0.03086056
    0.05255965
   -0.05167979
   -0.03365248
    0.01231975
   -0.03066082
   -0.02237118
   -0.02246349
   -0.03205055
    0.01249812
   -0.01010141
   -0.00793202
    0.05271831
   -0.04797735
   -0.03057981
    0.01365136
   -0.02964145
   -0.02276450
   -0.02371738
   -0.03327829
    0.01245267
   -0.13005622
   -0.03927908
    0.05874702
    0.06906721
    0.05522226
    0.06765525
    0.06634707
    0.05383081
    0.04625343
    0.04769195
    0.04534628
    0.03595034
    0.05629629
    0.05355862
    0.04922196
    0.05241632
    0.04763610
    0.03026174
    0.04686878
    0.05384139
    0.05752837
    0.05693987
    0.05046520
    0.05266527
    0.06161207
    0.06773898
    0.03805090
    0.05164439
    0.04712466
    0.05026343
    0.04753839
    0.03805141
    0.04402515
    0.05488916
    0.04883772
    0.05021898
    0.04586741
    0.03632185
    0.07748136
    0.07194149
    0.05367953
