           1           2   1.0075634248766769     
           2           3   1.0053337796898587     
           2           4  0.93872442023380454     
           4           5  0.93609612923677843     
           5           6  0.98189151184943757     
           6           7   1.0003972676738819     
           7           8   1.0121910972402630     
           8           9   1.4323171870023217     
           9          10   1.4296944905061546     
           8          11  0.10752951133557492     
          10          11   1.4477163564896234     
           9          12  0.10784139831638768     
          11          12   1.4267462637740560     
           5          13  0.98288019846796271     
           8          13   1.3662932866206179     
          10          13  0.10767463844972773     
          12          13   1.4312222238833114     
           4          14   1.2537919793541052     
          14          15  0.98743512401851075     
          15          16   1.1631783475276414     
          16          17  0.98232307060325752     
          17          18   1.4007988956812953     
          18          19   1.4395315131422610     
          17          20  0.10224067667260411     
          19          20   1.4379209680262102     
          18          21  0.10840788473859667     
          20          21   1.4329971929708447     
          17          22   1.4036900270930468     
          19          22  0.10940137955126171     
          21          22   1.4431813172878964     
          14          23   1.2010708163544785     
          23          24  0.97382992145178782     
          23          25  0.98127774275210855     
          25          26   1.2826547924243017     
          26          27   1.5563751846748319     
          27          28   1.2737881172883374     
          28          29   1.2804248500451794     
          29          30   1.5546036390687419     
          30          31   1.3231394382797652     
          29          32  0.11749495967915642     
          31          32   1.5522099421068067     
          28          33   1.2542443421838469     
          32          33   1.2850377798484536     
          25          34   1.4539070637022844     
          27          34  0.10576653323485131     
          33          34   1.2322399746015449     
          34          35   1.0321796277660003     
          35          36   1.4545556256054559     
          36          37   1.2859409582369041     
          35          38  0.10522388577031901     
          37          38   1.5549252978753418     
          38          39   1.2725710322901331     
          39          40   1.2806231876048664     
          40          41   1.5545980835524786     
          41          42   1.3231318464573678     
          40          43  0.11727791699803666     
          42          43   1.5511048168355142     
          35          44   1.2325646825593553     
          39          44   1.2540380402678430     
          43          44   1.2834307335785808     
          14          45   1.2068105202510804     
          36          45  0.96393273777474642     
          45          46  0.96812551734247421     
           1          47  0.96312937279679900     
           1          48  0.97823690685170317     
           1          49  0.97767491926291772     
           2          50  0.95323288709697240     
           3          51  0.97987311675325650     
           3          52  0.97150430527400755     
           3          53  0.97885326940011796     
           5          54  0.93070276424205112     
           6          55  0.97346354074527641     
           6          56  0.97083240771269153     
           7          57  0.97032048025658590     
           7          58  0.95990250788869957     
           9          59  0.96795510934495477     
          10          60  0.96953535486288112     
          11          61  0.97005371315244782     
          12          62  0.95980470160166276     
          18          63  0.96470857769566043     
          19          64  0.96783031186419288     
          20          65  0.96883944621255480     
          21          66  0.96747520650363228     
          22          67  0.96595594610075219     
          24          68  0.97226697144723195     
          24          69  0.96114617385463907     
          24          70  0.97741568226099629     
          26          71  0.95991303730915467     
          27          72  0.96622437991585497     
          29          73  0.96709872541246877     
          30          74  0.96940138325749359     
          31          75  0.96969100261696461     
          32          76  0.96519167655192928     
          37          77  0.96434452776529611     
          38          78  0.96613382432987993     
          40          79  0.96696003590073532     
          41          80  0.96940217737710777     
          42          81  0.96982623376191035     
          43          82  0.96550801611285963     
          46          83  0.97678647660566875     
          46          84  0.96745351381267741     
          46          85  0.97545494558235180     
