   -0.12215980
    0.04471026
   -0.12662085
   -0.14568980
    0.04035818
   -0.00286656
   -0.03382538
   -0.02381683
   -0.02626499
   -0.02900433
   -0.04292213
   -0.00307184
   -0.03147157
   -0.02484205
   -0.02356823
   -0.02655979
   -0.04025919
    0.30842316
   -0.02297229
   -0.03512795
    0.03811971
   -0.02768317
   -0.01579274
   -0.01747803
   -0.02017164
   -0.02806592
    0.49079142
   -0.19331589
   -0.19170942
   -0.21793949
   -0.13661615
   -0.03335319
    0.05136403
   -0.05161191
   -0.03338189
    0.01190533
   -0.03058269
   -0.02241494
   -0.02276577
   -0.03239565
    0.01099496
   -0.01229199
   -0.01052881
    0.05333619
   -0.04893913
   -0.03315835
    0.01116879
   -0.03120708
   -0.02377050
   -0.02475597
   -0.03480680
    0.01006724
   -0.12636295
   -0.04085028
    0.04954586
    0.06873110
    0.04743241
    0.07089655
    0.07077855
    0.05316123
    0.06901392
    0.05285114
    0.03066348
    0.04725901
    0.04930895
    0.04374393
    0.03428150
    0.03732332
    0.05108449
    0.05261634
    0.04728058
    0.03156753
    0.06640641
    0.06919175
    0.07557071
    0.08240724
    0.05848588
    0.06098342
    0.06437392
    0.04145474
    0.05120944
    0.04732126
    0.05092141
    0.04822750
    0.03863937
    0.04755276
    0.05469587
    0.04875234
    0.05007160
    0.04549510
    0.03626353
    0.07615513
    0.07599582
    0.05403959
