           1           2   1.0058823629868661     
           2           3   1.0043146197269628     
           2           4  0.93903958589099346     
           4           5  0.92061116903475249     
           5           6  0.98266932717243238     
           6           7   1.3940091351267658     
           7           8   1.4585350607004968     
           6           9  0.10976056942709070     
           8           9   1.4268510081149846     
           7          10  0.11351703881027556     
           9          10   1.4501032298979504     
           6          11   1.4249514820677862     
           8          11  0.10770673018956586     
          10          11   1.4282165691570883     
           5          12  0.97501513006237917     
          12          13   1.4090287265259185     
          13          14   1.4445874011345432     
          12          15  0.10978951790207836     
          14          15   1.4373043444817286     
          13          16  0.11051059616670039     
          15          16   1.4393596335022130     
          12          17   1.4105348491229197     
          14          17  0.10992590664218820     
          16          17   1.4418676266054395     
           4          18   1.2617505864456575     
          18          19   1.0084669424761876     
          19          20   1.1585373288668197     
          20          21  0.99162131016146982     
          21          22   1.4041588716355955     
          22          23   1.4399303080218346     
          21          24  0.10200199520358691     
          23          24   1.4350474211995725     
          22          25  0.10511931819683823     
          24          25   1.4359706509534420     
          21          26   1.3788343276919155     
          23          26  0.10494675119313006     
          25          26   1.4146501772128350     
          26          27  0.94866213742697247     
          27          28  0.95807023168797090     
          27          29  0.96378413452455747     
          27          30  0.92417571732001369     
          18          31   1.1911151062444372     
          31          32  0.97296400420953721     
          31          33  0.96786233450645442     
          33          34   1.2870533602141769     
          34          35   1.5528663364442861     
          35          36   1.2757755940415594     
          36          37   1.2796700835282120     
          37          38   1.5553444334970137     
          38          39   1.3223487653512189     
          37          40  0.11743585007562174     
          39          40   1.5528199300086154     
          36          41   1.2530032744952697     
          40          41   1.2843416315067895     
          33          42   1.4509902629075875     
          35          42  0.10629985927911480     
          41          42   1.2340351230445619     
          42          43   1.0304919261235441     
          43          44   1.4582743494972334     
          44          45   1.2818939240812699     
          43          46  0.10444074222332926     
          45          46   1.5607206653533074     
          46          47   1.2702211323121300     
          47          48   1.2816828111165632     
          48          49   1.5530520881802985     
          49          50   1.3243437564965983     
          48          51  0.11735307306101514     
          50          51   1.5512888629423343     
          43          52   1.2279200638521988     
          47          52   1.2536125608446427     
          51          52   1.2844602272968035     
          18          53   1.2010219816089200     
          44          53  0.97807717275091166     
          53          54  0.96907005591153172     
           1          55  0.97600005411435642     
           1          56  0.97867925797571276     
           1          57  0.98071896225873811     
           2          58  0.95004763916191759     
           3          59  0.97710946371868090     
           3          60  0.97148212340022055     
           3          61  0.96243587588466128     
           5          62  0.92155675144312998     
           7          63  0.96929888956006516     
           8          64  0.96954645432565245     
           9          65  0.96996507479102689     
          10          66  0.97022068964107866     
          11          67  0.95939577260763254     
          13          68  0.96289401556588561     
          14          69  0.96934592779214734     
          15          70  0.96959430157872228     
          16          71  0.96958827385875312     
          17          72  0.96566479865601962     
          22          73  0.95923771575081274     
          23          74  0.96590665488804928     
          24          75  0.96597466183244030     
          25          76  0.96218454642549434     
          32          77  0.97057470520519984     
          32          78  0.96390892856071120     
          32          79  0.97843032983743339     
          34          80  0.96194668826062413     
          35          81  0.96616444967751902     
          37          82  0.96707473893171469     
          38          83  0.96933452410518151     
          39          84  0.96962994713396533     
          40          85  0.96540298078331244     
          45          86  0.96299094031170052     
          46          87  0.96611255467615309     
          48          88  0.96694997346614642     
          49          89  0.96941790625198043     
          50          90  0.96984975471809431     
          51          91  0.96539442464481207     
          54          92  0.97644163861088162     
          54          93  0.95995452781313229     
          54          94  0.97178267345734270     
