   -0.12183205
    0.03839056
   -0.00856485
   -0.04104995
   -0.03425288
    0.01319786
   -0.03266198
   -0.02403237
   -0.02458588
   -0.03501752
    0.01334980
   -0.04341517
   -0.13828568
    0.04509184
   -0.11459087
   -0.01094562
   -0.03811320
   -0.03282921
    0.01545497
   -0.03119830
   -0.02317614
   -0.02355031
   -0.03455722
    0.01233668
   -0.04545647
    0.29679408
   -0.07292941
   -0.03015316
    0.04008022
   -0.03216769
   -0.01638073
   -0.02114447
   -0.01961635
   -0.03444921
    0.48944341
   -0.21645245
   -0.19369766
   -0.20105209
   -0.12206528
   -0.03124079
    0.04832175
   -0.04502073
   -0.03011324
    0.01679204
   -0.02777180
   -0.01856176
   -0.01936708
   -0.02714648
    0.01534803
   -0.00529867
   -0.00663088
    0.05494654
   -0.04831007
   -0.03243914
    0.01267333
   -0.03084996
   -0.02256980
   -0.02300570
   -0.03304793
    0.01099627
   -0.12517253
   -0.03062816
    0.05823682
    0.05697033
    0.06597171
    0.06650176
    0.02995478
    0.04427298
    0.04271862
    0.04605360
    0.04428406
    0.03668036
    0.04546364
    0.05152996
    0.05708491
    0.06197452
    0.04757918
    0.03851323
    0.04784594
    0.04626541
    0.04803858
    0.04365668
    0.02759682
    0.02018646
    0.06689735
    0.07113794
    0.07324312
    0.07868063
    0.05599766
    0.06411678
    0.06454723
    0.04714799
    0.05488059
    0.04888418
    0.05145904
    0.04847678
    0.04280967
    0.03796562
    0.05244059
    0.04735183
    0.04984474
    0.04721521
    0.03815778
    0.05482309
    0.05787287
    0.07085049
