           1           2   1.0026524628756173     
           2           3  0.98898652142795185     
           3           4   1.2902502025319742     
           4           5   1.5612457047580584     
           5           6   1.2764896562614807     
           6           7   1.2812592471479614     
           7           8   1.5560994315082932     
           8           9   1.3206399354416951     
           7          10  0.11764761867331480     
           9          10   1.5563630417816718     
           6          11   1.2490165422486050     
          10          11   1.2776530661178676     
           3          12   1.5195505981823152     
           5          12  0.11224318391489463     
          11          12   1.2799609810921273     
           2          13  0.92042084030966942     
          13          14  0.91690618227352017     
          14          15   1.0062310954709750     
          14          16  0.98628974204856590     
          16          17   1.3006130472571695     
          17          18   1.5518007276975854     
          18          19   1.2828159995165698     
          19          20   1.2784683749804173     
          20          21   1.5591945556425957     
          21          22   1.3175995031922714     
          20          23  0.11833611175497155     
          22          23   1.5607157475577018     
          19          24   1.2471276528273012     
          23          24   1.2749891014481007     
          16          25   1.5148142521263430     
          18          25  0.11441840956162833     
          24          25   1.2877459525048862     
          13          26   1.2881308382803975     
          26          27  0.95093175219527182     
          27          28   1.1529934886823217     
          28          29   1.0141372487574947     
          29          30   1.4012144638170885     
          30          31   1.4415061094641843     
          31          32   1.4325147494004173     
          30          33  0.10521150417005368     
          32          33   1.4350356705451457     
          29          34   1.3608251718506101     
          31          34  0.10293555517029798     
          33          34   1.4190978965527856     
          34          35  0.95088756853158152     
          35          36  0.92914981580076939     
          35          37  0.96349612802255891     
          35          38  0.94474738052602081     
          26          39   1.2671106822582854     
          39          40  0.96484296618115450     
          39          41  0.94262497384903621     
          41          42   1.2932758836460572     
          42          43   1.5478502778133385     
          43          44   1.2768390422530587     
          44          45   1.2803348578135092     
          45          46   1.5549353739110812     
          46          47   1.3224246406173890     
          45          48  0.11733131780693003     
          47          48   1.5526415973120893     
          44          49   1.2505435644282157     
          48          49   1.2844734213513940     
          41          50   1.4601236685417427     
          43          50  0.10705907797461513     
          49          50   1.2354496515682811     
          50          51   1.0301416593995445     
          51          52   1.4567261842536658     
          52          53   1.2850779920895927     
          51          54  0.10651454304448296     
          53          54   1.5544753108154568     
          54          55   1.2737337650995020     
          55          56   1.2800335229053663     
          56          57   1.5548824875960616     
          57          58   1.3230134813228922     
          56          59  0.11761672734756637     
          58          59   1.5525445722183677     
          51          60   1.2324355422331084     
          55          60   1.2548922600272963     
          59          60   1.2845165633488960     
          26          61   1.2253308808919348     
          52          61  0.97105727256208030     
          61          62  0.97400050119825510     
           1          63  0.96119952536657927     
           1          64  0.98073303492015074     
           1          65  0.97860877191044671     
           2          66  0.94945825979984333     
           4          67  0.96525996408093051     
           5          68  0.96717748218004185     
           7          69  0.96763361164794448     
           8          70  0.96994636528323075     
           9          71  0.97007828310559718     
          10          72  0.96708926121324712     
          12          73  0.94936718660146746     
          14          74  0.93928850238710837     
          15          75  0.97760961374696809     
          15          76  0.97884106528105297     
          15          77  0.98254733022547081     
          17          78  0.96357929317066060     
          18          79  0.96705601694780363     
          20          80  0.96740689904503352     
          21          81  0.96977826574412973     
          22          82  0.97011778866636977     
          23          83  0.96812745122945798     
          25          84  0.95572718921193967     
          30          85  0.96029790943863125     
          31          86  0.96551809333937078     
          32          87  0.96644810463725761     
          33          88  0.96257900883004055     
          40          89  0.97647865182992710     
          40          90  0.96263105680952044     
          40          91  0.97672603253591017     
          42          92  0.96230567800586586     
          43          93  0.96601469526789008     
          45          94  0.96690260901020264     
          46          95  0.96927908557034870     
          47          96  0.96961259152324286     
          48          97  0.96531457648305286     
          53          98  0.96171826664184956     
          54          99  0.96617924911333475     
          56         100  0.96708165056209272     
          57         101  0.96942199987099098     
          58         102  0.96969230719598631     
          59         103  0.96499830029425970     
          62         104  0.97207003977583795     
          62         105  0.96507744550830665     
          62         106  0.97668084656215171     
