   -0.12017657
    0.04425243
   -0.12135260
   -0.16548316
    0.04540288
   -0.12417867
   -0.12417381
    0.51993062
   -0.02058153
   -0.05342494
    0.04217227
   -0.02979648
   -0.02194664
   -0.02197128
   -0.02071942
   -0.02830681
   -0.25041262
    0.11357369
   -0.00982129
    0.00713516
   -0.03365006
   -0.02564726
   -0.02619819
   -0.02715947
   -0.03148881
   -0.03186930
   -0.03675812
    0.01208156
   -0.01716412
    0.02605985
   -0.05797051
   -0.06312081
   -0.05920420
   -0.06457677
    0.01171634
   -0.03990763
   -0.03702460
   -0.00993977
    0.00981529
   -0.03600816
   -0.02796602
   -0.02610658
   -0.02950295
   -0.03389180
    0.11692442
   -0.01709795
   -0.27066312
    0.06590278
    0.05904340
    0.05273928
    0.05292843
    0.04500034
    0.06599427
    0.05867634
    0.06596714
    0.05603384
    0.06144273
    0.06366841
    0.05318390
    0.05165508
    0.06895729
    0.04569014
    0.05377878
    0.05629231
    0.05461405
    0.05224797
    0.04091990
    0.04682015
    0.04687305
    0.04392955
    0.03234512
    0.06431227
    0.06230419
    0.05074884
    0.03620192
    0.05647138
    0.06168426
    0.05124568
    0.04147751
    0.06102927
    0.06033819
    0.06075998
    0.06337976
    0.04230648
    0.04563088
    0.04685232
    0.03837686
    0.02837349
