           1           2   1.0027816787720574     
           2           3   1.0055315817084003     
           2           4  0.94279412629941128     
           4           5  0.93745063214185742     
           5           6   1.0060744647405320     
           5           7   1.0083425558334123     
           4           8   1.2497152317525262     
           8           9  0.91040327174062863     
           9          10   1.2586417220116524     
          10          11  0.97157428122306555     
          11          12   1.4049225193143613     
          12          13   1.4370155780127438     
          11          14  0.10325025122295753     
          13          14   1.4387916182280034     
          12          15  0.10812078128884151     
          14          15   1.4314176539246688     
          11          16   1.4063483046807972     
          13          16  0.11033124216977640     
          15          16   1.4429899542802032     
           8          17   1.3000321052451771     
          17          18  0.88127032617593715     
          18          19   1.3422941448573007     
          19          20   1.0304198307085055     
          20          21   1.3913261708429339     
          21          22   1.4471189540245826     
          20          23  0.10661523584449240     
          22          23   1.4356258221134848     
          21          24  0.10935529211713754     
          23          24   1.4369261113528453     
          20          25   1.3882035484638153     
          22          25  0.10967454939100020     
          24          25   1.4445286906674124     
          19          26   1.3969886060907906     
          26          27   1.4332724096937375     
          27          28   1.4286046939836576     
          18          29   1.4034543315877182     
          26          29  0.10141201696904525     
          28          29   1.3507143855710466     
          29          30  0.99197853264300229     
          30          31  0.95412757572217566     
          28          32   1.0158633166291242     
          31          32   1.0024650937859907     
          30          33  0.95804246957203143     
          33          34   1.0024767482268833     
          34          35   1.0161122144263779     
          35          36   1.4289218836022295     
          36          37   1.4348655036107962     
          37          38   1.3916572070927415     
          38          39   1.0503632514645260     
          39          40   1.3782343681254712     
          40          41   1.4547695744030418     
          39          42  0.10381410571084985     
          41          42   1.4311694053214170     
          40          43  0.10766165424385160     
          42          43   1.4359785343670781     
          39          44   1.3802455395999051     
          41          44  0.10721356890566520     
          43          44   1.4495243159839590     
          38          45   1.3338982013514877     
          30          46  0.98674793481307776     
          35          46   1.3454718066671747     
          37          46  0.10049433078692455     
          45          46   1.4096522780821990     
           8          47   1.3028616199583971     
          45          47  0.86868031175519855     
           1          48  0.97687623296312387     
           1          49  0.97852987972404226     
           1          50  0.98362968926390781     
           2          51  0.93940497202505946     
           3          52  0.97040396372703119     
           3          53  0.97977958502363416     
           3          54  0.98096203119159830     
           5          55  0.95387728120769832     
           6          56  0.98352264722244653     
           6          57  0.97725664669965240     
           6          58  0.98029620119868943     
           7          59  0.95715754033241418     
           7          60  0.97380338740540850     
           7          61  0.97793237080236517     
          12          62  0.96517542917337495     
          13          63  0.96787104466331075     
          14          64  0.96889421448908619     
          15          65  0.96715575169896528     
          16          66  0.95576534374786837     
          21          67  0.96349687097731063     
          22          68  0.96945539913231782     
          23          69  0.97025742492261569     
          24          70  0.96952228548731068     
          25          71  0.96882977463230102     
          26          72  0.96588782409137075     
          27          73  0.96554776200705406     
          31          74  0.97712346921300419     
          31          75  0.97599268910013248     
          32          76  0.96615638921092839     
          32          77  0.95576705962907560     
          33          78  0.97756830592944699     
          33          79  0.97856572576172085     
          34          80  0.95616592149656277     
          34          81  0.96395936043098840     
          36          82  0.96558869382109425     
          37          83  0.96318174417354374     
          40          84  0.96596080822922703     
          41          85  0.96965349353514485     
          42          86  0.97026473729821361     
          43          87  0.96741584737034603     
          44          88  0.96694131183271392     
