   -0.12715065
    0.03804248
   -0.12862218
   -0.14817548
    0.08599404
   -0.12357493
   -0.12884530
   -0.11992134
    0.32098123
   -0.07070011
   -0.05375472
    0.03722217
   -0.03255881
   -0.02402457
   -0.02359794
   -0.02392032
   -0.03258410
   -0.13126399
   -0.02979948
    0.05272373
   -0.05315929
   -0.03380430
    0.01195097
   -0.03075985
   -0.02233474
   -0.02238747
   -0.03195685
    0.01202876
   -0.01100885
   -0.00955842
    0.05298927
   -0.04883421
   -0.03082705
    0.01343837
   -0.02980189
   -0.02308238
   -0.02407994
   -0.03393757
    0.01230463
   -0.12502541
   -0.04070508
    0.05867384
    0.06967398
    0.05328422
    0.07204123
    0.05862658
    0.06497397
    0.05077856
    0.06700615
    0.04839511
    0.05620667
    0.05680682
    0.06510829
    0.05824683
    0.06351966
    0.04090074
    0.05235960
    0.04995985
    0.05633133
    0.05693580
    0.05323878
    0.04653848
    0.06305146
    0.05029923
    0.06720365
    0.03867888
    0.05220193
    0.04740030
    0.05040594
    0.04770217
    0.03842865
    0.04451879
    0.05406107
    0.04845563
    0.04967235
    0.04503963
    0.03496054
    0.07018450
    0.07466878
    0.05554155
