           1           2   1.0079775821820360     
           2           3   1.0050362076763566     
           2           4  0.93391611772006711     
           4           5  0.90745591008216442     
           5           6  0.99246310172899554     
           5           7  0.99954199774750141     
           5           8  0.99657688456893734     
           4           9   1.2618680052850320     
           9          10  0.95575514953158947     
          10          11   1.1784664116681494     
          11          12  0.98161210920439379     
          12          13   1.4041525504949157     
          13          14   1.4429173690552748     
          12          15  0.10229473590889809     
          14          15   1.4332498985676492     
          13          16  0.10942145024933309     
          15          16   1.4377800615947738     
          12          17   1.4009644386310112     
          14          17  0.10848970004816626     
          16          17   1.4396260450055016     
           9          18   1.1877289062116327     
          18          19  0.97395234692823174     
          18          20  0.98528295386638443     
          20          21   1.2739089407183886     
          21          22   1.5579855798528393     
          22          23   1.2729204715284788     
          23          24   1.2806846811258166     
          24          25   1.5542765829003014     
          25          26   1.3232900239271870     
          24          27  0.11739599768227076     
          26          27   1.5520005064215869     
          23          28   1.2544854071157991     
          27          28   1.2851696487698252     
          20          29   1.4501932178464760     
          22          29  0.10531126094629144     
          28          29   1.2315782534937971     
          29          30   1.0306578114677363     
          30          31   1.4535159166874849     
          31          32   1.2845014645759751     
          30          33  0.10571048947940775     
          32          33   1.5551352089307870     
          33          34   1.2734587160748645     
          34          35   1.2795688938824594     
          35          36   1.5553510971500220     
          36          37   1.3224374610993228     
          35          38  0.11739534547633938     
          37          38   1.5518206799039895     
          30          39   1.2327212648222461     
          34          39   1.2542347333036077     
          38          39   1.2822995907950629     
           9          40   1.1913167047712061     
          31          40  0.97411188290182005     
          40          41  0.97120859689058892     
           1          42  0.96112961526325036     
           1          43  0.97805240903545876     
           1          44  0.98137824197899060     
           2          45  0.94990276154695263     
           3          46  0.96720188161322684     
           3          47  0.97957752084181748     
           3          48  0.97918552881628562     
           6          49  0.97723706384490439     
           6          50  0.97896074973954172     
           6          51  0.97702679873879217     
           7          52  0.94639746786402279     
           7          53  0.97647975517448016     
           7          54  0.97510578889788713     
           8          55  0.97897205804690868     
           8          56  0.97759347476447278     
           8          57  0.98038900398368589     
          13          58  0.96591216820797976     
          14          59  0.96755801884477688     
          15          60  0.96890065889112786     
          16          61  0.96790739822701177     
          17          62  0.96436744167890320     
          19          63  0.96090676824940102     
          19          64  0.97022244241499811     
          19          65  0.97676204106820130     
          21          66  0.96360339262736061     
          22          67  0.96616892638828034     
          24          68  0.96707960516034897     
          25          69  0.96938822623366139     
          26          70  0.96966497151620390     
          27          71  0.96530817773233535     
          32          72  0.96249857445974374     
          33          73  0.96617757724045394     
          35          74  0.96696536512300546     
          36          75  0.96944089212378348     
          37          76  0.96989513506918357     
          38          77  0.96506200202734682     
          41          78  0.96310151497725172     
          41          79  0.97728971863500924     
          41          80  0.97238253618718173     
