    0.02854154
   -0.24258813
    0.15339759
   -0.07993133
    0.01765148
   -0.10571879
    0.01503029
   -0.13323586
   -0.05980491
    0.26595140
   -0.14699194
    0.05294071
   -0.12453805
   -0.12101384
    0.04459293
   -0.12123745
   -0.12309941
   -0.11360434
   -0.03303569
    0.05728111
   -0.04927813
   -0.03226521
    0.01195295
   -0.03052089
   -0.02330892
   -0.02356787
   -0.03420732
    0.01040104
   -0.01476125
   -0.00588841
    0.05219470
   -0.04561608
   -0.03374999
    0.01338057
   -0.03069207
   -0.02116618
   -0.02214240
   -0.03119252
    0.01005474
   -0.12944195
   -0.03214702
    0.01895729
   -0.10445416
   -0.06761276
    0.05083846
    0.04995801
    0.07686622
    0.05199683
    0.05875561
    0.05531188
    0.05403164
    0.04535565
    0.05856125
    0.05206952
    0.06096850
    0.05492532
    0.06494048
    0.04675675
    0.05836895
    0.05913678
    0.05506606
    0.06794103
    0.06533545
    0.06547959
    0.05968879
    0.05730975
    0.06865347
    0.07001304
    0.04804289
    0.04933362
    0.04626981
    0.04865972
    0.04546597
    0.03422508
    0.04283371
    0.05377774
    0.04858808
    0.05164270
    0.04882878
    0.04059443
    0.06974607
    0.06796132
    0.05282679
    0.04733756
    0.05812036
    0.05603222
    0.06586863
