           1           2  0.97444711553564756     
           2           3   1.1076536887521979     
           3           4   1.3536525434351694     
           4           5   1.4229127692917507     
           5           6   1.0317986372164913     
           5           7   1.3638397553885113     
           7           8  0.99714783645659466     
           8           9   1.0915213974853051     
           9          10   1.0060200892956379     
          10          11   1.2816533080785875     
          11          12  0.92367306164564023     
          12          13   1.0104635036958374     
          12          14   1.0043850148315379     
          11          15  0.93403911846671628     
          15          16   1.0076654052457208     
          15          17   1.0044876761774668     
          10          18   1.1842148723851338     
          18          19  0.97614790391801054     
          18          20  0.99809403409785002     
          20          21   1.2802416748181189     
          21          22   1.5591946593064623     
          22          23   1.2720794927348644     
          23          24   1.2809302039232344     
          24          25   1.5539010010434759     
          25          26   1.3233745416872882     
          24          27  0.11732694057375138     
          26          27   1.5521409206194918     
          23          28   1.2546863135146789     
          27          28   1.2841223391746710     
          20          29   1.4430663653546847     
          22          29  0.10452199701482244     
          28          29   1.2326311208398462     
          29          30   1.0313661407602757     
          30          31   1.4564170605502682     
          31          32   1.2917140792639896     
          30          33  0.10725965628993360     
          32          33   1.5541002817476608     
          33          34   1.2734186139149597     
          34          35   1.2813245266077213     
          35          36   1.5538375491699885     
          36          37   1.3237824159505929     
          35          38  0.11726980704427413     
          37          38   1.5511805234791975     
          30          39   1.2276319801334530     
          34          39   1.2533255719691876     
          38          39   1.2864162029882484     
          10          40   1.2243833614916697     
          31          40  0.94504342399541663     
          40          41  0.96837841226879373     
           7          42   1.3367680193539904     
          42          43   1.0288771084188357     
           3          44   1.3226947235804838     
          42          44   1.4609530709130445     
           1          45  0.97592220517856720     
           1          46  0.97585799027876585     
           1          47  0.97812732692726168     
           4          48  0.96118417474070994     
           6          49  0.96994725802596360     
           6          50  0.98235383161932188     
           6          51  0.95394731454413084     
          12          52  0.95922598144091720     
          13          53  0.97912003539887715     
          13          54  0.96462197712477349     
          13          55  0.97837407142203492     
          14          56  0.98087528552015213     
          14          57  0.97845716197238553     
          14          58  0.97950229456405580     
          15          59  0.95778308815822677     
          16          60  0.95478868010508577     
          16          61  0.97576278017627338     
          16          62  0.97831285962389081     
          17          63  0.95128672767318767     
          17          64  0.97876605756420576     
          17          65  0.97906572858244578     
          19          66  0.96502880994016227     
          19          67  0.96035204914675254     
          19          68  0.97492924511755996     
          21          69  0.96085093293406931     
          22          70  0.96653853527791611     
          24          71  0.96716520906654235     
          25          72  0.96955687738729868     
          26          73  0.96986799602323193     
          27          74  0.96528930047844641     
          32          75  0.96172747038369244     
          33          76  0.96606308240847105     
          35          77  0.96693697865142658     
          36          78  0.96923667626846122     
          37          79  0.96954190586220801     
          38          80  0.96513962586314672     
          41          81  0.96225762841389206     
          41          82  0.97656833347530592     
          41          83  0.97841661532840951     
          43          84  0.96508562226266326     
          43          85  0.96898644553031887     
          43          86  0.98313413307433062     
          44          87  0.96260829765557709     
