   -0.03543827
   -0.11335796
    0.05407600
   -0.04783992
   -0.03296885
    0.01232262
   -0.03105637
   -0.02286547
   -0.02331282
   -0.03293267
    0.01171418
   -0.00833940
   -0.00767379
    0.05261872
   -0.04748241
   -0.03319809
    0.01304722
   -0.03047108
   -0.02211024
   -0.02264258
   -0.03122323
    0.01250977
   -0.13087778
   -0.02935651
    0.29599358
   -0.05468564
   -0.04962398
    0.03702302
   -0.03234074
   -0.02367552
   -0.02238106
   -0.02349922
   -0.03032930
   -0.12468502
    0.05273078
   -0.04036068
   -0.02558219
   -0.02336495
   -0.03306585
    0.00469622
   -0.05596904
   -0.05847779
    0.00271265
   -0.03698398
   -0.02727439
   -0.02768678
   -0.04900299
    0.05785121
    0.07012296
    0.07631483
    0.05797756
    0.04912467
    0.05381803
    0.04829254
    0.05024107
    0.04672652
    0.03687769
    0.03643103
    0.05153298
    0.04740116
    0.05183110
    0.04944272
    0.04032404
    0.05842116
    0.06236440
    0.05932263
    0.04829229
    0.05183107
    0.05783086
    0.05816742
    0.05344240
    0.04400717
    0.05777681
    0.06005530
    0.05466143
    0.03492195
    0.05218890
    0.05993835
    0.05529867
    0.05207579
    0.05533513
    0.04865546
    0.04379454
