           1           2  0.96951833900163864     
           2           3  0.97985970904912278     
           3           4   1.2836876161973640     
           4           5   1.5582333035968454     
           5           6   1.2695498504812250     
           6           7   1.2817250678809124     
           7           8   1.5530103397780668     
           8           9   1.3243400879328506     
           7          10  0.11724755907107336     
           9          10   1.5511029552958855     
           6          11   1.2540485658366836     
          10          11   1.2857293302721851     
           3          12   1.4550409527022152     
           5          12  0.10470366084070377     
          11          12   1.2310093109166538     
          12          13   1.0328672677205963     
          13          14   1.4574609233297591     
          14          15   1.2878932170384836     
          13          16  0.10384248418063814     
          15          16   1.5579443226711698     
          16          17   1.2697206047868312     
          17          18   1.2829592615009766     
          18          19   1.5524275596681396     
          19          20   1.3248217679767356     
          18          21  0.11697922350889378     
          20          21   1.5500878389299189     
          13          22   1.2301360447635230     
          17          22   1.2543319607763215     
          21          22   1.2871696216077846     
          14          23  0.95294419625717552     
          23          24  0.97318886754695488     
           2          25   1.2272603699247504     
          23          25   1.2204381747176010     
          25          26   1.0321005226692941     
          26          27   1.1402035489924141     
          27          28  0.97628795634491616     
          28          29   1.4069940822496052     
          29          30   1.4374512279382383     
          28          31  0.10277779456740352     
          30          31   1.4390194168179460     
          29          32  0.10876779219697888     
          31          32   1.4325933167844405     
          28          33   1.4057938382358648     
          30          33  0.10987836039853396     
          32          33   1.4437708365729214     
          25          34   1.2129461758315208     
          34          35  0.95236923421788977     
          35          36   1.4014148314717754     
          36          37   1.4396342856559581     
          35          38  0.10251055315740924     
          37          38   1.4351496908160051     
          36          39  0.10836257755290538     
          38          39   1.4426995863503085     
          35          40   1.3684134593828865     
          37          40  0.10566461029788926     
          39          40   1.4129715064783666     
          40          41   1.0160517602641799     
          41          42  0.98859680151665108     
          42          43   1.0126001864877241     
          43          44   1.3961907465491905     
          44          45   1.4595031624553547     
          43          46  0.10584053689074271     
          45          46   1.4181256450236330     
          44          47  0.10829646622523260     
          46          47   1.4548788376957171     
          34          48  0.96184194982289350     
          43          48   1.3796362024175606     
          47          48   1.3802166698985507     
           1          49  0.96118213074779058     
           1          50  0.97674867128428877     
           1          51  0.97329431205886741     
           4          52  0.96358488092856975     
           5          53  0.96616923591379889     
           7          54  0.96699101358316297     
           8          55  0.96940131321790390     
           9          56  0.96974303401914197     
          10          57  0.96540317993571778     
          15          58  0.96209983335537863     
          16          59  0.96611840080063582     
          18          60  0.96705351595484412     
          19          61  0.96924747156360058     
          20          62  0.96951862143465484     
          21          63  0.96546914352933322     
          24          64  0.97310283016420240     
          24          65  0.97620450338808296     
          24          66  0.96608540156892375     
          29          67  0.96351404449075517     
          30          68  0.96812572732625968     
          31          69  0.96880580470937594     
          32          70  0.96736570059937077     
          33          71  0.96680911758150689     
          36          72  0.96032307575844333     
          37          73  0.96851158140928639     
          38          74  0.96837013726426069     
          39          75  0.96661302440985342     
          41          76  0.95564961679936744     
          41          77  0.97384116387483366     
          42          78  0.95700039684344895     
          42          79  0.96297041713162868     
          44          80  0.96717716873444692     
          45          81  0.96857791805840276     
          46          82  0.96927685125739182     
          47          83  0.95548693943538532     
