   -0.03212680
   -0.13308582
    0.05078714
   -0.04928391
   -0.03412998
    0.01293934
   -0.03022871
   -0.02091665
   -0.02148731
   -0.03131202
    0.01161588
   -0.00724306
   -0.00983457
    0.05469861
   -0.04869720
   -0.03252523
    0.01229946
   -0.03082066
   -0.02261794
   -0.02294961
   -0.03306613
    0.01213529
   -0.11040931
   -0.04113422
    0.28359177
   -0.04864033
   -0.05323583
    0.03649226
   -0.02981159
   -0.02283641
   -0.02130226
   -0.02350592
   -0.03193148
   -0.13372558
    0.00865649
   -0.06708290
   -0.06016321
   -0.06411772
   -0.06910270
    0.00764742
    0.06363777
    0.05916105
    0.05889389
    0.03773447
    0.05411587
    0.04970453
    0.05340495
    0.05064496
    0.04113522
    0.04976470
    0.05423253
    0.04873623
    0.05086601
    0.04742173
    0.03683006
    0.06314920
    0.07582035
    0.07569512
    0.05474118
    0.05913989
    0.05847520
    0.05173156
    0.04738748
    0.05295698
    0.03720785
    0.05504959
    0.05289716
    0.05254208
    0.03701918
    0.04643628
    0.05235602
    0.04905903
    0.05743853
    0.06405833
    0.04701647
