           1           2  0.97400789178483527     
           2           3  0.95062509798264938     
           3           4   1.2846241458734318     
           4           5   1.5566673370083635     
           5           6   1.2717622077200819     
           6           7   1.2827832665515728     
           7           8   1.5523845572045349     
           8           9   1.3244318672194300     
           7          10  0.11685860839542488     
           9          10   1.5504381413329804     
           6          11   1.2529216579257552     
          10          11   1.2865140254587857     
           3          12   1.4546777186358917     
           5          12  0.10383124185435444     
          11          12   1.2322862440405000     
          12          13   1.0309001289870801     
          13          14   1.4505658230938758     
          14          15   1.2842148099600001     
          13          16  0.10537860276046160     
          15          16   1.5561685021682619     
          16          17   1.2716955355789197     
          17          18   1.2808130980780998     
          18          19   1.5540364188351816     
          19          20   1.3232468995580215     
          18          21  0.11734340656944416     
          20          21   1.5523115113257935     
          13          22   1.2338481907451098     
          17          22   1.2535804238075992     
          21          22   1.2843045641200663     
          14          23  0.98548510472807593     
          23          24  0.96763172792960517     
           2          25   1.2023732571219816     
          23          25   1.2376841491363317     
          25          26   1.0208656617748786     
          26          27   1.1369945633206813     
          27          28  0.97545053702097340     
          28          29   1.4059812731327017     
          29          30   1.4435710643857294     
          28          31  0.10270080130030884     
          30          31   1.4327942041058315     
          29          32  0.10968638491965950     
          31          32   1.4388310875775685     
          28          33   1.4073880777233700     
          30          33  0.10880202023080737     
          32          33   1.4378718856634256     
          25          34   1.2373988019260287     
          34          35  0.95322888790240767     
          35          36  0.99762252788102024     
          36          37   1.0065364749072438     
          37          38   1.0089764461931749     
          38          39   1.0085234433797317     
          34          40  0.95737717882118001     
          39          40   1.0001887897147117     
           1          41  0.97656628485360619     
           1          42  0.96749651971043871     
           1          43  0.97594939714956375     
           4          44  0.96301746525159226     
           5          45  0.96613262545477840     
           7          46  0.96684428768442099     
           8          47  0.96908458996862135     
           9          48  0.96937572207584655     
          10          49  0.96541769210673956     
          15          50  0.96253890280292231     
          16          51  0.96614541155270517     
          18          52  0.96693533359576445     
          19          53  0.96933539083101516     
          20          54  0.96967863721068370     
          21          55  0.96533981908454303     
          24          56  0.97149698442442911     
          24          57  0.97695085057770725     
          24          58  0.95661706912160349     
          29          59  0.96689139038273120     
          30          60  0.96723961732184860     
          31          61  0.96872811156651628     
          32          62  0.96814188579045812     
          33          63  0.96366178412390724     
          35          64  0.96162937179396546     
          35          65  0.96660772191685751     
          36          66  0.97154241794588314     
          36          67  0.97407460029027204     
          37          68  0.97522628817617396     
          37          69  0.96845306429731626     
          38          70  0.97454048800267112     
          38          71  0.97431576083523952     
          39          72  0.96994371361640153     
          39          73  0.97081344644890932     
          40          74  0.96656982870360619     
          40          75  0.95179215334164768     
