   -0.03647884
   -0.12631304
    0.05360746
   -0.04905784
   -0.03234190
    0.01213111
   -0.03086590
   -0.02238319
   -0.02254933
   -0.03130882
    0.01319098
   -0.00695335
   -0.00608683
    0.05129976
   -0.04937971
   -0.03318703
    0.01390675
   -0.03010925
   -0.02135135
   -0.02194042
   -0.03164338
    0.01273358
   -0.11462878
   -0.03298163
    0.24591108
   -0.00866174
   -0.07042207
    0.04522349
   -0.03272584
   -0.02267221
   -0.02560905
   -0.02062049
   -0.03086694
   -0.12536241
    0.00934343
   -0.06828124
   -0.05779931
   -0.06383213
   -0.06649160
    0.00342057
    0.06595633
    0.07881433
    0.05215679
    0.03938277
    0.04623772
    0.04443738
    0.05042928
    0.04888551
    0.03978406
    0.04223964
    0.05417537
    0.04906251
    0.05198563
    0.04866000
    0.03908026
    0.06499641
    0.06568718
    0.06750139
    0.04678094
    0.05485298
    0.05622651
    0.05547444
    0.04640495
    0.04576984
    0.05589861
    0.05410821
    0.05331688
    0.03592991
    0.04910044
    0.04843544
    0.05061461
    0.05861531
    0.04386045
    0.07260026
    0.05467507
