           1           2  0.97367407289912800     
           2           3  0.97119791897539898     
           3           4   1.2903920300095475     
           4           5   1.5513745105277230     
           5           6   1.2755543552066526     
           6           7   1.2783520884684474     
           7           8   1.5567270172408629     
           8           9   1.3209805638304772     
           7          10  0.11737695483621355     
           9          10   1.5542195920450819     
           6          11   1.2537471527977160     
          10          11   1.2827383799171443     
           3          12   1.4467052686754076     
           5          12  0.10675265840476830     
          11          12   1.2366377723998163     
          12          13   1.0343861684291660     
          13          14   1.4628136950549302     
          14          15   1.2839631090427588     
          13          16  0.10438910236137064     
          15          16   1.5579075866616237     
          16          17   1.2720635558097133     
          17          18   1.2818206496132161     
          18          19   1.5531740964754470     
          19          20   1.3244221460406416     
          18          21  0.11723941118792097     
          20          21   1.5505954410292271     
          13          22   1.2290658856972629     
          17          22   1.2545870289784320     
          21          22   1.2868402753350283     
          14          23  0.95761673705608263     
          23          24  0.97096324206968820     
           2          25   1.2013468526566387     
          23          25   1.2469924098729184     
          25          26  0.97445301016468289     
          26          27   1.2190988884224854     
          27          28  0.97747667740969646     
          28          29   1.4099809736891884     
          29          30   1.4353204188806492     
          28          31  0.10213595377584785     
          30          31   1.4374712030052286     
          29          32  0.10804904483181647     
          31          32   1.4333430722554927     
          28          33   1.3918171442238527     
          30          33  0.11035066373740425     
          32          33   1.4427894063284663     
          25          34   1.2443416276258121     
          34          35  0.95519250162815139     
          35          36  0.99563257200132005     
          36          37   1.0071060885115481     
          37          38   1.0084492830928751     
          38          39   1.0082421768253231     
          34          40  0.96651059469452183     
          39          40   1.0007173600055397     
           1          41  0.97084587637811381     
           1          42  0.97630648341895077     
           1          43  0.97134027984085292     
           4          44  0.96299173015236339     
           5          45  0.96643010978321231     
           7          46  0.96685922123901047     
           8          47  0.96936315607227297     
           9          48  0.96956453574716783     
          10          49  0.96574659920128747     
          15          50  0.96226223929857801     
          16          51  0.96582973061891153     
          18          52  0.96688131738219785     
          19          53  0.96920219183475709     
          20          54  0.96957480982203326     
          21          55  0.96495125981710450     
          24          56  0.96109305631276376     
          24          57  0.97205912920022175     
          24          58  0.97715035971062358     
          29          59  0.94680885182607333     
          30          60  0.96743828314039182     
          31          61  0.96862563369402477     
          32          62  0.96692483965607368     
          33          63  0.96676490368314250     
          35          64  0.96536235587817432     
          35          65  0.95029405380487486     
          36          66  0.97422518984108919     
          36          67  0.97285089829043336     
          37          68  0.96791629645712507     
          37          69  0.97637233397022560     
          38          70  0.97359165937755421     
          38          71  0.97459129489034990     
          39          72  0.97089447702615239     
          39          73  0.95841241681302525     
          40          74  0.96380501733223645     
          40          75  0.94692737490719348     
