   -0.03181037
   -0.12681860
    0.05251309
   -0.04605007
   -0.03419296
    0.01287185
   -0.03059679
   -0.02113034
   -0.02180763
   -0.03180927
    0.01092406
   -0.00714996
   -0.01278847
    0.05658089
   -0.04892410
   -0.03264777
    0.01137745
   -0.03125312
   -0.02368652
   -0.02346077
   -0.03300302
    0.01198666
   -0.11598849
   -0.04009655
    0.27725269
   -0.06391273
   -0.05589788
    0.03244582
   -0.03639647
   -0.03099095
    0.01630799
   -0.03056364
   -0.02079273
   -0.02215410
   -0.03306304
    0.01408377
   -0.03927473
   -0.13288779
   -0.04678694
    0.08486647
   -0.12429157
   -0.12519569
   -0.12433791
    0.06132827
    0.06038109
    0.05811613
    0.03764663
    0.05292898
    0.04905643
    0.05283302
    0.05007266
    0.04051912
    0.04979388
    0.05287016
    0.04724833
    0.04881936
    0.04549206
    0.03516888
    0.07140532
    0.06527944
    0.07376227
    0.05013363
    0.05474071
    0.04961224
    0.05206746
    0.04761922
    0.03756259
    0.04524926
    0.06037146
    0.06931793
    0.06889851
    0.05117700
    0.05796873
    0.06666249
    0.06655907
    0.05009051
    0.05086380
    0.06076340
    0.07201916
    0.05415101
