           1           2  0.97617428647653293     
           2           3  0.94965759411534867     
           3           4   1.2875204991523317     
           4           5   1.5569725831298029     
           5           6   1.2726551119113747     
           6           7   1.2826326073735370     
           7           8   1.5527649117322961     
           8           9   1.3240392601610753     
           7          10  0.11695961461281645     
           9          10   1.5510164863627889     
           6          11   1.2522899360390241     
          10          11   1.2860684256745061     
           3          12   1.4525591249312089     
           5          12  0.10501539427729123     
          11          12   1.2339531168463040     
          12          13   1.0288488205430204     
          13          14   1.4467311838597834     
          14          15   1.2816901837727972     
          13          16  0.10592631597229772     
          15          16   1.5561810835885186     
          16          17   1.2713415968134032     
          17          18   1.2802325215945158     
          18          19   1.5534276818711070     
          19          20   1.3228429263902359     
          18          21  0.11772005275187354     
          20          21   1.5523810166852854     
          13          22   1.2350648729023606     
          17          22   1.2535018469848715     
          21          22   1.2836523514077656     
          14          23  0.99731792033543332     
          23          24  0.96954089509717489     
           2          25   1.2149382300861433     
          23          25   1.2078389225417183     
          25          26  0.97920014649459330     
          26          27   1.1470399120815862     
          27          28  0.97719249353113313     
          28          29   1.2922833296781819     
          29          30   1.5598279393141041     
          30          31   1.2745434770099611     
          31          32   1.2846203320931635     
          32          33   1.5526154497862876     
          33          34   1.3210370843501660     
          32          35  0.11685896934552828     
          34          35   1.5566858137324995     
          31          36   1.2455937644818249     
          35          36   1.2760096490401742     
          28          37   1.5116210387760023     
          30          37  0.10989474249498785     
          36          37   1.2806726135586435     
          25          38   1.2476097897160265     
          38          39  0.97122034577697580     
          38          40  0.92353993774897769     
          40          41  0.99428074668134026     
          40          42  0.99525498338167617     
          40          43  0.99799804698575312     
           1          44  0.97592177435281302     
           1          45  0.96787453167307380     
           1          46  0.97552525049899641     
           4          47  0.96136505937926642     
           5          48  0.96627102486655814     
           7          49  0.96689796914775084     
           8          50  0.96914568867909923     
           9          51  0.96943667980009340     
          10          52  0.96535432416102207     
          15          53  0.96247487650250507     
          16          54  0.96630930742923626     
          18          55  0.96709533047490948     
          19          56  0.96953888485666795     
          20          57  0.96985306216639289     
          21          58  0.96558692935082713     
          24          59  0.96225964868640523     
          24          60  0.97031852938521257     
          24          61  0.97712991779415415     
          29          62  0.96715739627624708     
          30          63  0.96490775917624361     
          32          64  0.96705455503048376     
          33          65  0.96934942987589423     
          34          66  0.96958780444444981     
          35          67  0.96627407345991068     
          37          68  0.96011285501801569     
          39          69  0.97613321695693989     
          39          70  0.97302572613628069     
          39          71  0.96386648818188170     
          41          72  0.98257119284928873     
          41          73  0.98207684021259700     
          41          74  0.97863548133838640     
          42          75  0.97969123566488714     
          42          76  0.98182503611651128     
          42          77  0.97288291389499815     
          43          78  0.94309449043998650     
          43          79  0.97626725718384200     
          43          80  0.97420977641088458     
