   -0.12366417
    0.04618606
   -0.12216516
   -0.14866634
    0.04012058
   -0.00313904
   -0.03129262
   -0.02538527
   -0.02405600
   -0.02678492
   -0.03954858
   -0.00293706
   -0.04045901
   -0.02850628
   -0.02626561
   -0.02385180
   -0.03387512
    0.30739358
   -0.04660071
   -0.05591088
    0.03660957
   -0.03103584
   -0.02367337
   -0.02182807
   -0.02280675
   -0.03081750
   -0.13715244
   -0.02961361
    0.05256613
   -0.05135257
   -0.03330024
    0.01146141
   -0.03053969
   -0.02262510
   -0.02296034
   -0.03229725
    0.01033002
   -0.01264260
   -0.01019510
    0.05487530
   -0.04885887
   -0.03314643
    0.01178234
   -0.03107472
   -0.02324646
   -0.02380818
   -0.03335342
    0.01156270
   -0.12396718
   -0.03880999
    0.06871691
    0.06619117
    0.04811778
    0.06877251
    0.06700516
    0.04782494
    0.05002259
    0.05298312
    0.03631452
    0.05014685
    0.05174924
    0.04638045
    0.03096576
    0.02994050
    0.04265270
    0.04896903
    0.04720879
    0.03111732
    0.05313964
    0.05765083
    0.05735289
    0.05181228
    0.04778493
    0.06834941
    0.05081270
    0.06017526
    0.04134325
    0.04993657
    0.04655655
    0.05033508
    0.04781420
    0.03823730
    0.04770325
    0.05260513
    0.04743150
    0.04920938
    0.04533507
    0.03585805
    0.07546813
    0.05468101
    0.07465489
