           1           2   1.0039862445726879     
           2           3   1.0057300834700502     
           2           4  0.94128684790690953     
           4           5  0.92333802438813461     
           5           6  0.97532040131547881     
           6           7   1.4093060162139361     
           7           8   1.4447865508276980     
           6           9  0.10997782276615301     
           8           9   1.4372085052436068     
           7          10  0.11068157746669191     
           9          10   1.4394945923398912     
           6          11   1.4110681174696578     
           8          11  0.10996561464691561     
          10          11   1.4420784013193810     
           5          12  0.98282309014224212     
          12          13   1.4248471459986447     
          13          14   1.4283387022848504     
          12          15  0.10979940090184342     
          14          15   1.4501788608965709     
          13          16  0.10752923570158152     
          15          16   1.4266126232155560     
          12          17   1.3947320108007408     
          14          17  0.11343125213125882     
          16          17   1.4585549074284117     
           4          18   1.2515218687276419     
          18          19   1.0190502774987928     
          19          20   1.1463880312265746     
          20          21  0.97581096948736912     
          21          22   1.4047837735522184     
          22          23   1.4434175849450022     
          21          24  0.10267884531713310     
          23          24   1.4325817664686216     
          22          25  0.10995951301915019     
          24          25   1.4396029550103637     
          21          26   1.4080505773144250     
          23          26  0.10869909937725084     
          25          26   1.4375377447820212     
          18          27   1.1835944872356983     
          27          28  0.97344135370415530     
          27          29  0.96663433493991602     
          29          30   1.2884464290165307     
          30          31   1.5517107990153087     
          31          32   1.2759478580433499     
          32          33   1.2797254161191469     
          33          34   1.5554188004201990     
          34          35   1.3221690426531960     
          33          36  0.11737344540483091     
          35          36   1.5529298173925818     
          32          37   1.2524754292548903     
          36          37   1.2841713350207680     
          29          38   1.4469262488273047     
          31          38  0.10642394709560858     
          37          38   1.2349688906454972     
          38          39   1.0303735263565859     
          39          40   1.4581770923809290     
          40          41   1.2810154401942535     
          39          42  0.10434347990676830     
          41          42   1.5609227692799454     
          42          43   1.2695330656108381     
          43          44   1.2817253527227646     
          44          45   1.5527050379918812     
          45          46   1.3247832498630669     
          44          47  0.11726380758935906     
          46          47   1.5506568281368074     
          39          48   1.2276410341081170     
          43          48   1.2539891162769166     
          47          48   1.2860145148519853     
          18          49   1.2085709024529969     
          40          49  0.98222936444454700     
          49          50  0.96897895237606269     
           1          51  0.97823723238036187     
           1          52  0.96451097305019906     
           1          53  0.97112393255229446     
           2          54  0.95146700652236393     
           3          55  0.97897032455112654     
           3          56  0.98026662429520439     
           3          57  0.97647314371242544     
           5          58  0.92074790917818761     
           7          59  0.96331959169001324     
           8          60  0.96945859641808385     
           9          61  0.96968948302801827     
          10          62  0.96967739947024878     
          11          63  0.96608291750292852     
          13          64  0.95980453537273513     
          14          65  0.97031607464549663     
          15          66  0.97001082989635967     
          16          67  0.96957420725974341     
          17          68  0.96904617008936622     
          22          69  0.96688419364219869     
          23          70  0.96742985593504205     
          24          71  0.96885474791275461     
          25          72  0.96811745322794185     
          26          73  0.96347815395972303     
          28          74  0.97782797080259787     
          28          75  0.97283747931302200     
          28          76  0.96533607228164853     
          30          77  0.96199936382467666     
          31          78  0.96633880109001435     
          33          79  0.96715663743084490     
          34          80  0.96939431503285822     
          35          81  0.96966847937033762     
          36          82  0.96561084746430037     
          41          83  0.96310903866253383     
          42          84  0.96630181086122269     
          44          85  0.96705672411240617     
          45          86  0.96949502582217362     
          46          87  0.96987862720746154     
          47          88  0.96526167931317752     
          50          89  0.97621164872763022     
          50          90  0.97169427484834014     
          50          91  0.95978487756155295     
