    0.02790333
   -0.24129412
    0.15360565
   -0.07932773
    0.01830608
   -0.10699950
    0.00758738
   -0.07621980
   -0.01217200
    0.50961223
   -0.16838944
    0.04943458
   -0.12205630
   -0.11938300
    0.05453631
   -0.12259469
   -0.12034719
   -0.26334935
    0.11558210
    0.15203958
   -0.20367822
   -0.05440956
    0.01644973
   -0.02701174
   -0.01717035
   -0.01872734
   -0.02814948
    0.00941982
   -0.00786734
   -0.00758693
    0.11365512
    0.15279898
   -0.19753686
   -0.05119060
    0.01776374
   -0.02629464
   -0.01785935
   -0.02005502
   -0.02918733
    0.01007990
   -0.24910227
    0.02152684
   -0.11085558
   -0.06698783
    0.05087038
    0.07794547
    0.04953844
    0.05221359
    0.04867010
    0.04960870
    0.05246838
    0.06040993
    0.04747222
    0.06194651
    0.06977047
    0.06596094
    0.06086572
    0.05880825
    0.05167613
    0.06682422
    0.06089839
    0.06436102
    0.04764475
    0.06768874
    0.06177812
    0.08779540
    0.06041769
    0.06261236
    0.05938869
    0.04916410
    0.09127799
    0.06194062
    0.06235178
    0.05802601
    0.04851207
    0.06834192
    0.06218276
    0.06666147
    0.06940885
