           1           2  0.97448190237591270     
           2           3   1.1080739130168595     
           3           4   1.3510525967949667     
           4           5   1.4246595117407670     
           5           6   1.0279502091942987     
           5           7   1.3697197043165308     
           7           8  0.98925362257931149     
           8           9   1.2040446377138583     
           9          10  0.95226840021417736     
          10          11   1.2489642823555547     
          11          12  0.93195890011487115     
          12          13   1.0060241601232094     
          12          14   1.0055819779820372     
          11          15  0.93532427220383374     
          15          16   1.0014466567355362     
          15          17   1.0068199387078276     
          10          18   1.2496834911728483     
          18          19  0.91073338132983916     
          19          20   1.2560273795262344     
          20          21  0.97016122627362156     
          20          22   1.4973453160662453     
          22          23   1.2761607742964809     
          23          24   1.2821341715627683     
          24          25   1.5523030278618433     
          25          26   1.3234641510404426     
          24          27  0.11624512189598282     
          26          27   1.5492976350346468     
          23          28   1.2474374730107312     
          27          28   1.2874785481038418     
          19          29   1.4584087944256909     
          22          29  0.10493682630491247     
          28          29   1.2320811832475234     
          29          30   1.0339219601224818     
          30          31   1.4572057046092588     
          31          32   1.2568765257209407     
          32          33  0.97067609333594895     
          30          34  0.10517392409552576     
          32          34   1.4962454650725818     
          34          35   1.2760354995642795     
          35          36   1.2817046957797220     
          36          37   1.5528596582978234     
          37          38   1.3230722198898581     
          36          39  0.11632152596465489     
          38          39   1.5495665069539790     
          30          40   1.2334124413818337     
          35          40   1.2473971635390253     
          39          40   1.2863893422822528     
          10          41   1.2693323468464301     
          31          41  0.91463244896792317     
           7          42   1.3374177770430591     
          42          43   1.0330851542968595     
           3          44   1.3263240063593771     
          42          44   1.4555005804223096     
           1          45  0.97581744375505441     
           1          46  0.97795938493964152     
           1          47  0.97601086231190348     
           4          48  0.96107204986022809     
           6          49  0.96458004587064705     
           6          50  0.97055068226505803     
           6          51  0.98323119458449160     
          12          52  0.95465144522031187     
          13          53  0.95939479172249786     
          13          54  0.97986951700273572     
          13          55  0.97933532490418052     
          14          56  0.97812304990334198     
          14          57  0.98219318991516280     
          14          58  0.97864935570589917     
          15          59  0.93763989100794565     
          16          60  0.97956804654852592     
          16          61  0.98173838521088685     
          16          62  0.97931998284953314     
          17          63  0.96835890354536203     
          17          64  0.97917568333977478     
          17          65  0.97757919636946911     
          22          66  0.95945001354386683     
          24          67  0.96574794516869789     
          25          68  0.96802127728483423     
          26          69  0.96842435503952173     
          27          70  0.96433846664993061     
          34          71  0.95897718033816837     
          36          72  0.96555690453420628     
          37          73  0.96804236652450926     
          38          74  0.96858493709020910     
          39          75  0.96446945855674227     
          43          76  0.96538545882682247     
          43          77  0.93756269402245729     
          43          78  0.98003639968844969     
          44          79  0.96205802553769137     
