   -0.11766146
    0.05351470
   -0.11784032
   -0.14160407
    0.05364539
   -0.11529907
   -0.12170381
    0.22530193
   -0.01965642
   -0.05455155
    0.04869930
   -0.02814407
   -0.01372538
   -0.01934477
   -0.01886499
   -0.03177583
    0.48712369
   -0.18543791
   -0.19990790
   -0.17844474
   -0.11310330
   -0.03817602
    0.05353190
   -0.04862057
   -0.03232074
    0.01650465
   -0.02877210
   -0.02001635
   -0.02089386
   -0.03033933
    0.01445193
   -0.00381411
   -0.00679770
    0.05262326
   -0.04938879
   -0.03258593
    0.01417259
   -0.03007293
   -0.02156868
   -0.02217991
   -0.03196140
    0.01232675
   -0.12776801
   -0.02868738
    0.06286011
    0.06104348
    0.04135250
    0.04913505
    0.05196185
    0.06356127
    0.05858959
    0.05319597
    0.05760091
    0.05727732
    0.04765504
    0.05997715
    0.06386130
    0.04800699
    0.06828371
    0.07442710
    0.07505192
    0.07897403
    0.06746064
    0.06009933
    0.06904917
    0.03258539
    0.04032777
    0.04555556
    0.05312291
    0.05079301
    0.04109289
    0.04534768
    0.05465439
    0.04921360
    0.05182381
    0.04826944
    0.03788044
    0.07469445
    0.06232768
    0.06201988
