           1           2   1.0045528243942154     
           2           3   1.0044851359742577     
           2           4  0.94353454930889324     
           4           5  0.93063001720054372     
           5           6   1.0047400887418885     
           5           7   1.0015911594527942     
           4           8   1.2414741557835360     
           8           9  0.95777307582265758     
           9          10   1.2381766693568017     
          10          11  0.99377118479896176     
          11          12   1.3852383927963019     
          12          13   1.4515208721724409     
          13          14   1.4222061462128555     
          12          15  0.10628522061696261     
          14          15   1.4477884749854288     
          11          16   1.3803858505664475     
          13          16  0.10226349915352805     
          15          16   1.3993267581346849     
          16          17  0.95255704585248879     
          17          18  0.97154155695055633     
          17          19  0.92769788589220603     
          17          20  0.93459791603713283     
           8          21   1.2381386800089675     
          21          22  0.97507120836334482     
          21          23  0.96657751932207825     
          23          24   1.2872663848467909     
          24          25   1.5534610553677548     
          25          26   1.2748376982851259     
          26          27   1.2809976011352406     
          27          28   1.5541913255592366     
          28          29   1.3228098978672471     
          27          30  0.11707059834306408     
          29          30   1.5522076017677087     
          26          31   1.2520820171256120     
          30          31   1.2846396259648920     
          23          32   1.4477538743113239     
          25          32  0.10475512103600670     
          31          32   1.2358197695411790     
          32          33   1.0328310092788273     
          33          34   1.4662715854563697     
          34          35   1.2829492410847945     
          33          36  0.10506064615259103     
          35          36   1.5596046088101749     
          36          37   1.2713816507258138     
          37          38   1.2820065367399844     
          38          39   1.5531748019466218     
          39          40   1.3245937915398927     
          38          41  0.11733018603493052     
          40          41   1.5505750820511781     
          33          42   1.2284033190499886     
          37          42   1.2551565565734593     
          41          42   1.2869425433910167     
           8          43   1.2357500632884035     
          34          43  0.96315649223885924     
          43          44  0.96908539425245332     
           1          45  0.98090401998057242     
           1          46  0.97833543011248936     
           1          47  0.96913449894573322     
           2          48  0.93629709391745564     
           3          49  0.98283168581429037     
           3          50  0.97941392767775748     
           3          51  0.97857205660217994     
           5          52  0.93316660034398091     
           6          53  0.98025781199102713     
           6          54  0.97903962272252176     
           6          55  0.98054262799557357     
           7          56  0.97972412572418111     
           7          57  0.97846341372039958     
           7          58  0.97921386116783293     
          12          59  0.96309941065006655     
          13          60  0.96497885022681373     
          14          61  0.96589249927695342     
          15          62  0.96258006135182106     
          22          63  0.97570605933241272     
          22          64  0.97363069158043303     
          22          65  0.96244295479777286     
          24          66  0.95709917715130977     
          25          67  0.96668454014603411     
          27          68  0.96723894790166365     
          28          69  0.96912684885796840     
          29          70  0.96937002471602696     
          30          71  0.96543241963117876     
          35          72  0.96397516381514281     
          36          73  0.96583173419515467     
          38          74  0.96687956342880654     
          39          75  0.96923289308130189     
          40          76  0.96961513129535615     
          41          77  0.96529726798184645     
          44          78  0.97329945774713023     
          44          79  0.95512184208066253     
          44          80  0.97323248301667187     
