   -0.12690790
    0.04305898
   -0.12715086
   -0.16090244
    0.04391636
   -0.12323077
   -0.12236261
    0.57707446
   -0.05742417
    0.01322268
    0.03784288
   -0.03063395
   -0.01708493
   -0.02067285
   -0.01940175
   -0.02855359
    0.49048392
   -0.19156766
   -0.21610312
   -0.19476862
   -0.25706741
    0.11932911
   -0.04954774
   -0.02966805
    0.01463429
   -0.02955416
   -0.02104433
   -0.02189715
   -0.03221351
    0.01118141
   -0.00924065
   -0.01097837
    0.12243047
   -0.05170565
   -0.02944950
    0.01543714
   -0.02787674
   -0.01895864
   -0.01933047
   -0.03043440
    0.01384098
   -0.27945332
    0.05854480
    0.05714154
    0.06939004
    0.07169029
    0.05222048
    0.05603608
    0.07597163
    0.06257822
    0.07293003
    0.04334903
    0.05899079
    0.06068109
    0.05417201
    0.07116759
    0.06365520
    0.06527928
    0.07093040
    0.08132167
    0.06487426
    0.07011307
    0.05698223
    0.05913947
    0.05441315
    0.04313062
    0.07171920
    0.06939161
    0.05665854
    0.05936701
    0.05613860
    0.04475470
