           1           2   1.0060677502331268     
           2           3   1.0077050471267743     
           2           4  0.93509014639294730     
           4           5  0.93101213489580037     
           5           6   1.0066857296873761     
           5           7   1.0036865956475118     
           4           8   1.2504702940990151     
           4           9  0.10637048546982876     
           8           9  0.94184326692563625     
           9          10   1.1752633225328277     
          10          11   1.0017794121656833     
          11          12   1.4081861861937033     
          12          13   1.4402893362339935     
          11          14  0.10165482679671753     
          13          14   1.4327973909606524     
          12          15  0.10562119840519582     
          14          15   1.4363581622214066     
          11          16   1.3705716537813610     
          13          16  0.10378292017653107     
          15          16   1.4180179871785650     
          16          17  0.95084637787229209     
          17          18  0.96489540002355723     
          17          19  0.92783734872613155     
          17          20  0.95089191066341561     
           8          21   1.3000809755668503     
          21          22  0.87659334449833104     
          22          23   1.3027845617648850     
          23          24   1.5431731156200532     
          24          25   1.2792308045628269     
          25          26   1.2791851304301458     
          26          27   1.5546329971213977     
          27          28   1.3223472037784583     
          26          29  0.11729471396612441     
          28          29   1.5513839992425817     
          25          30   1.2504808372880047     
          29          30   1.2849876192594591     
          22          31   1.4610135182627821     
          24          31  0.10894984972286477     
          30          31   1.2331150238026094     
          31          32   1.0313766880055129     
          32          33   1.4617661169312304     
          33          34   1.3056016169761231     
          32          35  0.10924736265208666     
          34          35   1.5396114447600504     
          35          36   1.2812670648792981     
          36          37   1.2792354856302961     
          37          38   1.5555445958035476     
          38          39   1.3218564655754645     
          37          40  0.11698418456532557     
          39          40   1.5514231640342302     
          32          41   1.2324426752349833     
          36          41   1.2489300881079912     
          40          41   1.2858118673961885     
           8          42   1.2913115070172059     
          33          42  0.86618464417693286     
           1          43  0.97851817387462725     
           1          44  0.98338862522625825     
           1          45  0.97897340969031577     
           2          46  0.95475011768657680     
           3          47  0.96485048954227837     
           3          48  0.97939715276739447     
           3          49  0.97734594696159460     
           5          50  0.94693959351103763     
           6          51  0.97848792569763199     
           6          52  0.97938291319120285     
           6          53  0.98073010686232220     
           7          54  0.98014531961767415     
           7          55  0.98287820459725350     
           7          56  0.97832613894929876     
          12          57  0.96289890573691683     
          13          58  0.96516451342650489     
          14          59  0.96653303235951749     
          15          60  0.96220539251053783     
          23          61  0.96308163438225669     
          24          62  0.96438350337331591     
          26          63  0.96606373593476802     
          27          64  0.96840649467072437     
          28          65  0.96892956338377956     
          29          66  0.96477741898175640     
          34          67  0.96079877423549032     
          35          68  0.96432511848251334     
          37          69  0.96608081039386318     
          38          70  0.96836831480152696     
          39          71  0.96878454225579613     
          40          72  0.96495856546479386     
