   -0.10127193
   -0.01214449
   -0.10569691
    0.00667080
   -0.04066467
   -0.02766747
   -0.03559615
    0.01064078
   -0.01221558
   -0.10593284
   -0.10601518
    0.01520533
   -0.06740434
   -0.08618410
    0.30610245
   -0.13529970
   -0.05270957
    0.08579491
   -0.12608176
   -0.12503733
   -0.12000055
   -0.12450046
   -0.02928431
    0.05342881
   -0.05312945
   -0.03385355
    0.01163990
   -0.03095665
   -0.02239544
   -0.02254650
   -0.03187357
    0.01154292
   -0.01076160
   -0.00886428
    0.05371385
   -0.04759815
   -0.03089043
    0.01484163
   -0.02987260
   -0.02412098
   -0.02446121
   -0.03238712
    0.01444165
   -0.12495737
   -0.03941753
    0.03516940
    0.04561297
    0.04668913
    0.03398137
    0.04849431
    0.02974585
    0.04144414
    0.05420176
    0.05126015
    0.05354605
    0.04071196
    0.04015445
    0.04641621
    0.04856831
    0.04793041
    0.04766858
    0.02635958
    0.06826054
    0.07856212
    0.07198607
    0.05714157
    0.05300927
    0.06509565
    0.05917140
    0.06652463
    0.04892919
    0.04755608
    0.04351771
    0.06292820
    0.05097851
    0.07331167
    0.06175168
    0.03946519
    0.05211712
    0.04737457
    0.05034135
    0.04768568
    0.03857501
    0.04414049
    0.05336655
    0.04773985
    0.04874040
    0.04442840
    0.03634487
    0.07605096
    0.05525593
    0.06946548
