           1           2  0.98624898320006804     
           2           3   1.0071549103710238     
           2           4   1.0030632441782845     
           4           5   1.4165251041610611     
           5           6   1.4300824309674309     
           4           7  0.10326660070127369     
           6           7   1.4459144071287839     
           5           8  0.10320164905602694     
           7           8   1.4009158431688085     
           8           9   1.0017421812142462     
           9          10  0.99202255145738538     
           9          11  0.99535333905419965     
           4          12   1.3616527080351519     
           8          12   1.3829025436598334     
          12          13  0.97715058321172898     
          13          14   1.1292194286954007     
          14          15   1.0136423436648252     
          15          16   1.2571564839938059     
          16          17  0.97480295996805522     
          16          18  0.91194384378668292     
          18          19  0.99975695698554323     
          18          20  0.99442153754830309     
          18          21  0.99499481339054352     
          15          22   1.1954246432588338     
          22          23  0.97137694422828547     
          22          24  0.98101008715968818     
          24          25   1.2802815237381746     
          25          26   1.5548572672380319     
          26          27   1.2740132059250198     
          27          28   1.2797819472372782     
          28          29   1.5552256496554722     
          29          30   1.3221672578797625     
          28          31  0.11741136636510521     
          30          31   1.5531874168820352     
          27          32   1.2542682334060911     
          31          32   1.2832500536427263     
          24          33   1.4436893526005998     
          26          33  0.10594887664836522     
          32          33   1.2331804842093772     
          33          34   1.0329676727442199     
          34          35   1.4555289514507321     
          35          36   1.2848760036531677     
          34          37  0.10560576445222568     
          36          37   1.5562370163933374     
          37          38   1.2735717819726360     
          38          39   1.2794973548790145     
          39          40   1.5537337020571458     
          40          41   1.3224621235356289     
          39          42  0.11781574901201324     
          41          42   1.5504554383924012     
          34          43   1.2288753047939316     
          38          43   1.2549752031824586     
          42          43   1.2835461324442901     
          15          44   1.1954016138183934     
          35          44  0.97210667542117812     
          44          45  0.97014302546025866     
           1          46  0.97899788857774983     
           1          47  0.98033593747809256     
           1          48  0.98596261707975907     
           2          49  0.95138821227390102     
           3          50  0.98269066804343974     
           3          51  0.98380557541151115     
           3          52  0.98200536943359895     
           5          53  0.96252167942224431     
           6          54  0.96858205656484508     
           7          55  0.96209441443308141     
           9          56  0.95291809302329766     
          10          57  0.98684293655189348     
          10          58  0.98308096607346718     
          10          59  0.98350823467613446     
          11          60  0.98453563859705573     
          11          61  0.98329129846101604     
          11          62  0.98594567139937217     
          17          63  0.97263743553492232     
          17          64  0.94770922466379337     
          17          65  0.97537751938509687     
          19          66  0.97700606317314442     
          19          67  0.95074010625908056     
          19          68  0.97799247620310481     
          20          69  0.98198745697056922     
          20          70  0.97795581748912541     
          20          71  0.98188830930553084     
          21          72  0.97996510892113320     
          21          73  0.97498936452526919     
          21          74  0.97977595483889790     
          23          75  0.97223807175619759     
          23          76  0.97368482338715490     
          23          77  0.96309055925500919     
          25          78  0.96164278412308068     
          26          79  0.96623951314820655     
          28          80  0.96710422421123066     
          29          81  0.96939811423527111     
          30          82  0.96962403947272868     
          31          83  0.96556707724850965     
          36          84  0.96309313129740381     
          37          85  0.96622052080996390     
          39          86  0.96699742586356652     
          40          87  0.96951171177672280     
          41          88  0.96996399417450441     
          42          89  0.96321893398876623     
          45          90  0.97723196017357106     
          45          91  0.97154971133598056     
          45          92  0.96566881831314888     
