   -0.12410502
    0.04802191
   -0.12068544
   -0.16241504
    0.04534999
   -0.12520102
   -0.12465463
    0.51308101
    0.00831400
   -0.05697123
    0.04085426
   -0.03101324
   -0.02243797
   -0.02324598
   -0.02255974
   -0.03060802
   -0.25303490
    0.12172140
   -0.04833460
   -0.02703481
    0.01620688
   -0.02718042
   -0.01960457
   -0.02066254
   -0.03158324
    0.01346748
   -0.00847873
   -0.00829538
    0.12576874
   -0.05067485
   -0.03028301
    0.01484799
   -0.02829394
   -0.01943917
   -0.01974550
   -0.02994400
    0.01374630
   -0.27673236
    0.04746951
    0.07044423
    0.06103536
    0.05037320
    0.06087681
    0.06726999
    0.05510048
    0.06667127
    0.05699279
    0.06754134
    0.06047503
    0.07507834
    0.05677336
    0.05297877
    0.04349931
    0.05177976
    0.05671060
    0.05654168
    0.05332963
    0.06085402
    0.06819963
    0.05588982
    0.05733110
    0.05278607
    0.04226134
    0.05728317
    0.06504146
    0.05407297
    0.05743903
    0.05480760
    0.04493171
