           1           2   1.0062513383019038     
           2           3   1.0024999635890184     
           2           4  0.93990063550421155     
           4           5  0.93730933586555798     
           5           6   1.0055149355660165     
           5           7   1.0078358500594076     
           4           8   1.2467355973127852     
           8           9  0.91900904415462470     
           9          10   1.2322115905875761     
          10          11  0.97319074189029675     
          11          12   1.4052251582170836     
          12          13   1.4381712869992636     
          11          14  0.10298780519979453     
          13          14   1.4391208888776581     
          12          15  0.10862171700025565     
          14          15   1.4328526670993988     
          11          16   1.4078000505896970     
          13          16  0.10987135713785570     
          15          16   1.4426766998436706     
           8          17   1.2941979488492337     
          17          18  0.88313774618069196     
          18          19   1.3018536038085609     
          19          20   1.5427871155650372     
          20          21   1.2792963727241575     
          21          22   1.2790918141222125     
          22          23   1.5557607376907798     
          23          24   1.3218313530035153     
          22          25  0.11693044096541821     
          24          25   1.5510157538696656     
          21          26   1.2507671624893377     
          25          26   1.2831864388144034     
          18          27   1.4590522958858554     
          20          27  0.10849886176762193     
          26          27   1.2329248230688896     
          27          28   1.0322988911975439     
          28          29   1.4638702088880990     
          29          30   1.3013255339787846     
          28          31  0.10862912600867825     
          30          31   1.5431328496905838     
          31          32   1.2793300972818857     
          32          33   1.2797474157935991     
          33          34   1.5550229086462706     
          34          35   1.3227142889913694     
          33          36  0.11704895509140414     
          35          36   1.5506684011921779     
          28          37   1.2302402331960243     
          32          37   1.2505957344703240     
          36          37   1.2868453822712869     
           8          38   1.2927230704310926     
          29          38  0.87417575456032215     
           1          39  0.97003437626352684     
           1          40  0.97915986343068018     
           1          41  0.98006819967147041     
           2          42  0.94770630561748515     
           3          43  0.98024296258000210     
           3          44  0.97933855115222290     
           3          45  0.98307938666404249     
           5          46  0.95536010442770580     
           6          47  0.98358786845849389     
           6          48  0.97941980005248186     
           6          49  0.97849879593288469     
           7          50  0.97744170344964643     
           7          51  0.96614124084399022     
           7          52  0.97111426153828484     
          12          53  0.96426040196120466     
          13          54  0.96799780532052804     
          14          55  0.96881379565478976     
          15          56  0.96743905083965176     
          16          57  0.95802834735530906     
          19          58  0.96288298128028760     
          20          59  0.96466021586461148     
          22          60  0.96617700923260430     
          23          61  0.96860113915204038     
          24          62  0.96914496383756155     
          25          63  0.96461133850944325     
          30          64  0.96346445557168070     
          31          65  0.96486903702514848     
          33          66  0.96636273821978036     
          34          67  0.96859393766455182     
          35          68  0.96894437570079306     
          36          69  0.96480462034298142     
