   -0.11986735
    0.05187767
   -0.11991412
   -0.14641905
    0.08229731
   -0.11594069
   -0.12351627
   -0.00722848
   -0.03142793
   -0.01948613
   -0.01909104
   -0.02683443
   -0.03489866
    0.27294014
   -0.03494085
   -0.04559113
    0.03979973
   -0.03025951
   -0.01658965
   -0.01778536
   -0.02013166
   -0.02818625
    0.49115491
   -0.19313704
   -0.21952953
   -0.19332275
   -0.11710120
   -0.04385448
    0.05547041
   -0.05175515
   -0.03481896
    0.01004650
   -0.03227422
   -0.02419344
   -0.02436377
   -0.03454140
    0.01013599
   -0.01350095
   -0.00923804
    0.05199827
   -0.04596979
   -0.03370505
    0.01224469
   -0.03124385
   -0.02176427
   -0.02228662
   -0.03158519
    0.01073700
   -0.12791575
   -0.03260926
    0.05649003
    0.06208759
    0.04853285
    0.04963923
    0.05078219
    0.06458697
    0.04598889
    0.05782545
    0.06084787
    0.05685465
    0.06430578
    0.04688328
    0.05472093
    0.05361534
    0.05789465
    0.05697150
    0.04196543
    0.03221179
    0.06761915
    0.06807105
    0.07505764
    0.08111579
    0.07356347
    0.06212836
    0.07510711
    0.05164396
    0.05286687
    0.04764573
    0.04955526
    0.04600918
    0.03537930
    0.03829954
    0.05399789
    0.04876111
    0.05214771
    0.04943943
    0.03990176
    0.05197825
    0.06065877
    0.06496491
