           1           2   1.0039118225420025     
           2           3   1.0001895046319136     
           2           4  0.93145215780735424     
           4           5  0.92000166392643679     
           5           6  0.98344418224833974     
           5           7  0.99510817016686071     
           5           8  0.97283635022861414     
           8           9   1.3835922960291729     
           9          10   1.4399582059953437     
           8          11  0.10251343084132325     
          10          11   1.4404326305067228     
           9          12  0.10408634014909854     
          11          12   1.4285785229109071     
           8          13   1.3768535757311564     
          10          13  0.10766014279852709     
          12          13   1.4496541970456671     
           4          14   1.2454579552796692     
          14          15   1.0122616536949731     
          15          16   1.1352773365530213     
          16          17  0.99204269616772045     
          17          18   1.4033030723702018     
          18          19   1.4411096893652642     
          17          20  0.10225239550743534     
          19          20   1.4336717550645415     
          18          21  0.10559712464422465     
          20          21   1.4375149925779955     
          17          22   1.3808564001318351     
          19          22  0.10477029833939169     
          21          22   1.4132332677816994     
          22          23  0.94906730095150194     
          23          24  0.95831146865481442     
          23          25  0.92433852433273289     
          23          26  0.96147983205749021     
          14          27   1.2000066561366614     
          27          28  0.97116806301779701     
          27          29  0.99994723254819362     
          29          30   1.2772952635303179     
          30          31   1.5580996340058306     
          31          32   1.2689285087874880     
          32          33   1.2812511105930202     
          33          34   1.5532491037216947     
          34          35   1.3243023509320087     
          33          36  0.11733355158998905     
          35          36   1.5510100343566733     
          32          37   1.2553730533525476     
          36          37   1.2860338493987988     
          29          38   1.4511277773679778     
          31          38  0.10461783730630062     
          37          38   1.2287185743043838     
          38          39   1.0324802214483288     
          39          40   1.4514278778980223     
          40          41   1.2886451022697880     
          39          42  0.10537511237738824     
          41          42   1.5521397578209728     
          42          43   1.2731718382214576     
          43          44   1.2818618416434546     
          44          45   1.5532291641747782     
          45          46   1.3239254013495372     
          44          47  0.11698709124847699     
          46          47   1.5506546395913787     
          39          48   1.2306616535413695     
          43          48   1.2528150880887150     
          47          48   1.2866884954622659     
          14          49   1.2147936459462378     
          40          49  0.95773351553428099     
          49          50  0.97226983678386381     
           1          51  0.97555200928405184     
           1          52  0.97822454349494259     
           1          53  0.97742417132032777     
           2          54  0.93861596668758751     
           3          55  0.98213203958832263     
           3          56  0.98034013249722185     
           3          57  0.97510841931507675     
           6          58  0.97939342793770701     
           6          59  0.97815621851403345     
           6          60  0.97306738732987808     
           7          61  0.97700497139700782     
           7          62  0.97372219913107871     
           7          63  0.97778915854430670     
           9          64  0.96378006234994507     
          10          65  0.96846890604784919     
          11          66  0.96908696724631083     
          12          67  0.96944179183251433     
          13          68  0.95365039447856215     
          18          69  0.95856203192850997     
          19          70  0.96613156619529061     
          20          71  0.96605594450416754     
          21          72  0.96246434755102350     
          28          73  0.97698626756019724     
          28          74  0.96892344194296243     
          28          75  0.95370224691726968     
          30          76  0.96156313012515904     
          31          77  0.96619930722375136     
          33          78  0.96697696146301082     
          34          79  0.96943930928790512     
          35          80  0.96980898544961525     
          36          81  0.96494684486673754     
          41          82  0.96082170743851059     
          42          83  0.96618273035368041     
          44          84  0.96695041773913926     
          45          85  0.96921912339064376     
          46          86  0.96948536188429690     
          47          87  0.96572828687176304     
          50          88  0.97737359313705907     
          50          89  0.96668204404363856     
          50          90  0.97445506884306410     
