    0.02890871
   -0.24669624
    0.15072178
   -0.07097029
    0.01444894
   -0.10986974
    0.00273816
   -0.06219854
   -0.09838472
    0.26322435
   -0.13964187
    0.04995747
   -0.11579813
   -0.12170767
    0.08779333
   -0.12854137
   -0.12964830
   -0.12158578
   -0.12620397
   -0.03144023
    0.05272979
   -0.05200634
   -0.03344072
    0.01264080
   -0.03074125
   -0.02233215
   -0.02285072
   -0.03293321
    0.01128332
   -0.00936944
   -0.00581790
    0.05151659
   -0.04245455
   -0.02941092
    0.01549948
   -0.02982800
   -0.02263583
   -0.02374103
   -0.03182609
    0.01327814
   -0.11736049
   -0.03711667
    0.01826489
   -0.11211435
   -0.08149714
    0.04819720
    0.05144066
    0.07601888
    0.06240546
    0.05837046
    0.04974188
    0.05080999
    0.05410720
    0.05557242
    0.04611491
    0.05551727
    0.04597663
    0.05684999
    0.06382575
    0.06238107
    0.05233136
    0.05670592
    0.05758895
    0.06288993
    0.06932430
    0.05360696
    0.05478143
    0.06395052
    0.05147943
    0.07285187
    0.06034583
    0.03898669
    0.05131632
    0.04726787
    0.05013861
    0.04725028
    0.03820791
    0.04274350
    0.05514293
    0.04854447
    0.04993039
    0.04671843
    0.03945052
    0.06190694
    0.06729746
    0.06245985
    0.05846441
    0.05676130
    0.05900785
    0.05237592
