           1           2  0.97502979608726337     
           2           3   1.1019569462759062     
           3           4   1.3251074720691460     
           4           5   1.4570836624266452     
           5           6   1.0291498127586649     
           5           7   1.3362554914463984     
           7           8  0.99958943145329637     
           8           9   1.1450772376594207     
           9          10  0.95280521790496020     
          10          11   1.2530140550301292     
          11          12  0.93640759050085132     
          12          13   1.0050953333945061     
          12          14  0.99985594444209114     
          11          15  0.92017895434153107     
          15          16  0.99479202677402878     
          15          17  0.99621999221812385     
          15          18  0.99480648226916879     
          10          19   1.2096346530537667     
          19          20  0.97355715178129798     
          19          21  0.97796979564693109     
          21          22   1.2852190378979123     
          22          23   1.5551900336413633     
          23          24   1.2743878404440772     
          24          25   1.2798058676176192     
          25          26   1.5551821435774829     
          26          27   1.3225417413498433     
          25          28  0.11750184604566812     
          27          28   1.5528194068453065     
          24          29   1.2544441126612926     
          28          29   1.2839723007061414     
          21          30   1.4529750266067030     
          23          30  0.10576214694405499     
          29          30   1.2332748106910103     
          30          31   1.0332771789665309     
          31          32   1.4590686351096018     
          32          33   1.2920319776291613     
          31          34  0.10658981920203089     
          33          34   1.5523640502206391     
          34          35   1.2742151809478246     
          35          36   1.2803040936696755     
          36          37   1.5550856044782193     
          37          38   1.3227972649996644     
          36          39  0.11759031226529547     
          38          39   1.5520892269107616     
          31          40   1.2322739302040084     
          35          40   1.2538983036206877     
          39          40   1.2837785762484002     
          10          41   1.2502563025129101     
          32          41  0.95610811428608367     
          41          42  0.97254064270983476     
           7          43   1.3695023921843685     
          43          44   1.0323950004384459     
           3          45   1.3584707231951350     
          43          45   1.4173522976991351     
           1          46  0.97605094834824047     
           1          47  0.97601177362748159     
           1          48  0.97820478103572750     
           4          49  0.96317301588088045     
           6          50  0.96229728098171730     
           6          51  0.96825576584831607     
           6          52  0.98181042629321358     
          12          53  0.93479835357589547     
          13          54  0.98053931912587333     
          13          55  0.97877626061406808     
          13          56  0.97613816960848798     
          14          57  0.97926504665661140     
          14          58  0.98054778682337496     
          14          59  0.97967233575233237     
          16          60  0.97980591792927452     
          16          61  0.96489811785247381     
          16          62  0.97915819759137801     
          17          63  0.97798708511653420     
          17          64  0.93915162943338348     
          17          65  0.97738560909487338     
          18          66  0.98107338176363834     
          18          67  0.97532465444008754     
          18          68  0.97786701099528983     
          20          69  0.97107062154345525     
          20          70  0.97434919272035447     
          20          71  0.96317660928893423     
          22          72  0.96203693556812186     
          23          73  0.96631782501320851     
          25          74  0.96706924272471673     
          26          75  0.96939921566786946     
          27          76  0.96969078288353217     
          28          77  0.96504199929189904     
          33          78  0.96463575762629516     
          34          79  0.96604265789695776     
          36          80  0.96695792980083783     
          37          81  0.96940266285207155     
          38          82  0.96976599416089382     
          39          83  0.96517888165767096     
          42          84  0.97702971441658559     
          42          85  0.96492918280620166     
          42          86  0.97638361933035778     
          44          87  0.97787690358083679     
          44          88  0.95993775702175299     
          44          89  0.97281647422340267     
          45          90  0.96147073897798141     
