    0.02977767
   -0.25528717
    0.14197498
   -0.07101981
   -0.02815222
   -0.05017301
    0.01946603
   -0.11553806
   -0.00415417
   -0.00589244
   -0.06249106
    0.56666422
   -0.17088625
    0.04433018
   -0.12681851
   -0.12410601
    0.04883396
   -0.12283908
   -0.12624808
   -0.27309724
    0.12417569
   -0.05519522
   -0.02760811
   -0.03744976
    0.01678937
   -0.01384662
    0.02445639
   -0.06070023
   -0.06633575
   -0.06227411
   -0.06723114
    0.01466839
   -0.03811636
   -0.02509675
   -0.05091184
    0.12048931
   -0.01390075
   -0.25656587
    0.05668696
    0.07461699
    0.04696391
    0.05188397
    0.05334709
    0.05275943
    0.05691471
    0.06765524
    0.05585323
    0.06843584
    0.05174047
    0.05418641
    0.06845555
    0.06733623
    0.05233744
    0.05587731
    0.04692603
    0.05628259
    0.06070381
    0.06598653
    0.06929074
    0.04804978
    0.05923343
    0.06128652
    0.06455879
    0.06435669
    0.05353571
    0.04285001
    0.06254946
    0.06411656
    0.04332628
    0.05397622
    0.06520045
    0.05985428
    0.05994763
    0.06199930
    0.06122787
