           1           2  0.97102801259068960     
           2           3   1.0835273402156427     
           3           4   1.3667595012745146     
           4           5   1.4345693310031431     
           5           6   1.4385072549937341     
           6           7   1.3959587073855413     
           7           8   1.0322059637578065     
           3           9   1.3168209450100066     
           7           9   1.3832533222028156     
           9          10  0.99690176099050520     
          10          11   1.1635360121214668     
          11          12  0.98335875879353285     
          12          13   1.2296793409341831     
          13          14  0.93860565819570652     
          14          15   1.0065238209318155     
          14          16   1.0066285497770453     
          13          17  0.93951128521382543     
          17          18   1.0034527342125539     
          17          19   1.0059893295193703     
          12          20   1.2782499875288387     
          20          21  0.87449129989093344     
          21          22   1.3835290554033495     
          22          23   1.4504343370575725     
          23          24   1.4207859829805218     
          22          25  0.10647747998755916     
          24          25   1.4394112992061545     
          21          26   1.4042030607269913     
          23          26  0.10486769511034552     
          25          26   1.3463669167673333     
          26          27  0.99020652631912487     
          27          28  0.95601611079588023     
          25          29   1.0167657829715808     
          28          29   1.0023818149598747     
          27          30  0.95633776159055284     
          30          31   1.0023454248497254     
          31          32   1.0168520095718045     
          32          33   1.4386164492825433     
          33          34   1.4207564098757022     
          32          35  0.10728185126254984     
          34          35   1.4499352652590627     
          35          36   1.3831582361382728     
          27          37  0.99121034988895218     
          32          37   1.3463669124530933     
          34          37  0.10432762048150011     
          36          37   1.4048358288377811     
          12          38   1.2911696259474610     
          36          38  0.88141766666565968     
           1          39  0.97605586726000626     
           1          40  0.97818836375137663     
           1          41  0.97403852102174748     
           4          42  0.96316929415552710     
           5          43  0.96828295055574287     
           6          44  0.96574428445190341     
           8          45  0.96819076244375224     
           8          46  0.96135056390465157     
           8          47  0.98183723417321622     
          14          48  0.95499874991137612     
          15          49  0.97869846135666549     
          15          50  0.97538965197810334     
          15          51  0.97970902943247640     
          16          52  0.97970133706881046     
          16          53  0.98407089204806020     
          16          54  0.97885526203990580     
          17          55  0.94613873127555381     
          18          56  0.98070905326781643     
          18          57  0.97946224541745575     
          18          58  0.98012431845131798     
          19          59  0.97920619317226565     
          19          60  0.97791484542201723     
          19          61  0.98105817053714073     
          22          62  0.96142429212780867     
          23          63  0.96771397484174737     
          24          64  0.96601606976577725     
          28          65  0.97680574266273734     
          28          66  0.97850585526446854     
          29          67  0.96502731814664178     
          29          68  0.95489078482253320     
          30          69  0.97541250093260834     
          30          70  0.97684611162401846     
          31          71  0.95465945408840669     
          31          72  0.96204992069431172     
          33          73  0.96637449974313105     
          34          74  0.96664197117083650     
          35          75  0.96305263387049878     
