   -0.03180159
   -0.13340291
    0.05105582
   -0.04916074
   -0.03381603
    0.01311973
   -0.03002395
   -0.02081953
   -0.02136942
   -0.03124730
    0.01170414
   -0.00730708
   -0.00987961
    0.05494479
   -0.04844420
   -0.03249596
    0.01226652
   -0.03081087
   -0.02270523
   -0.02305899
   -0.03305196
    0.01211039
   -0.11117750
   -0.04018710
    0.28988722
   -0.04840770
   -0.05488035
    0.03665164
   -0.03191640
   -0.02348182
   -0.02140341
   -0.02287905
   -0.02979536
   -0.14170788
    0.00932477
    0.00284466
   -0.03349949
   -0.02448708
   -0.02387428
   -0.02486674
   -0.03146555
    0.01036900
    0.00177127
   -0.03291835
   -0.02451180
   -0.02542745
   -0.02597549
   -0.03489520
    0.05945007
    0.06432835
    0.05800315
    0.03626455
    0.05347756
    0.04946863
    0.05316881
    0.05043795
    0.04095209
    0.04959815
    0.05413728
    0.04858509
    0.05062698
    0.04715734
    0.03665069
    0.07468204
    0.07786690
    0.06194519
    0.04742230
    0.05156536
    0.05825227
    0.05897120
    0.05464912
    0.05527190
    0.03943409
    0.03309957
    0.04963058
    0.05113478
    0.04703007
    0.03014736
    0.05578007
    0.05180098
    0.03566440
    0.04842183
    0.05007593
    0.04599740
    0.02995339
