           1           2  0.97395579410557065     
           2           3  0.95185493887915629     
           3           4   1.2840800607745262     
           4           5   1.5570878965158550     
           5           6   1.2715145291154963     
           6           7   1.2829395662495013     
           7           8   1.5521724818455349     
           8           9   1.3246216331011795     
           7          10  0.11683844694220222     
           9          10   1.5502117259892858     
           6          11   1.2530090750941838     
          10          11   1.2867165109279866     
           3          12   1.4554424664872243     
           5          12  0.10354827161664575     
          11          12   1.2318416736516151     
          12          13   1.0308703417490070     
          13          14   1.4512269154970163     
          14          15   1.2839458830554160     
          13          16  0.10536759634649558     
          15          16   1.5567257708042332     
          16          17   1.2713049092361510     
          17          18   1.2809172303738403     
          18          19   1.5538974834627726     
          19          20   1.3234052173772883     
          18          21  0.11733657059411313     
          20          21   1.5521427475693226     
          13          22   1.2333572887295341     
          17          22   1.2536446212148402     
          21          22   1.2844937230693678     
          14          23  0.98555872213400131     
          23          24  0.96696138567396306     
           2          25   1.1991917901447668     
          23          25   1.2388716558576984     
          25          26   1.0225187270725280     
          26          27   1.1324255395558667     
          27          28  0.97584374373526184     
          28          29   1.4074327389035219     
          29          30   1.4378632411668264     
          28          31  0.10268908403831575     
          30          31   1.4388797364971466     
          29          32  0.10879899889506750     
          31          32   1.4327626565913312     
          28          33   1.4058270232428502     
          30          33  0.10971010435198203     
          32          33   1.4435889649696272     
          25          34   1.2278016510317862     
          34          35  0.94010823663114473     
          35          36  0.99851384045679148     
          36          37   1.4139032240893634     
          37          38   1.4417154049655081     
          36          39  0.10972787198166181     
          38          39   1.4406749393478642     
          37          40  0.10960505023567517     
          39          40   1.4351986323369363     
          36          41   1.4096985727068885     
          38          41  0.11095720370682259     
          40          41   1.4482692548987097     
          34          42  0.95373721278865242     
          42          43  0.99673589805943852     
          43          44   1.4155111368701563     
          44          45   1.4409159194420229     
          43          46  0.10968574207669264     
          45          46   1.4414163919955889     
          44          47  0.10986944193182943     
          46          47   1.4345909709747637     
          43          48   1.4092939352377294     
          45          48  0.11126121588915140     
          47          48   1.4489567040885272     
           1          49  0.96699844822296743     
           1          50  0.97654016100677610     
           1          51  0.97574082200697709     
           4          52  0.96282182558021845     
           5          53  0.96620152846131879     
           7          54  0.96687016347003740     
           8          55  0.96911193435917553     
           9          56  0.96939882091188678     
          10          57  0.96540640291883739     
          15          58  0.96243313482782855     
          16          59  0.96614759320222654     
          18          60  0.96695038515966458     
          19          61  0.96936125497943315     
          20          62  0.96970472327588841     
          21          63  0.96535948772513436     
          24          64  0.97715250040520019     
          24          65  0.95648604393556469     
          24          66  0.97174150332412168     
          29          67  0.96364423299797597     
          30          68  0.96815966554923250     
          31          69  0.96875498213574307     
          32          70  0.96726248644580393     
          33          71  0.96689048825742585     
          35          72  0.95370966745840502     
          35          73  0.96342278606837606     
          37          74  0.96784717100829765     
          38          75  0.96956383085151709     
          39          76  0.96981426510205848     
          40          77  0.96987363535167026     
          41          78  0.96311039322813552     
          42          79  0.93609265474582348     
          42          80  0.96602994473605830     
          44          81  0.96782256491161578     
          45          82  0.96964354575734413     
          46          83  0.96994132831975732     
          47          84  0.96998400546891594     
          48          85  0.96182019512619987     
