   -0.04206407
   -0.11351075
    0.05507831
   -0.04839284
   -0.03097727
    0.01309287
   -0.02975184
   -0.02317165
   -0.02365227
   -0.03278916
    0.01322822
   -0.01200021
   -0.00684444
    0.05224738
   -0.04680424
   -0.03434709
    0.01279085
   -0.03076866
   -0.02108580
   -0.02180903
   -0.03213030
    0.01071354
   -0.12827613
   -0.03015788
    0.28337064
   -0.06711096
   -0.05797498
   -0.01708358
    0.00510252
   -0.03287652
   -0.02415061
   -0.02445934
   -0.02561031
   -0.03543869
   -0.13430850
   -0.04671971
    0.08492048
   -0.12591022
   -0.12385437
   -0.12454594
    0.07324943
    0.07172299
    0.06714870
    0.04795514
    0.05116753
    0.04653952
    0.04986794
    0.04703477
    0.03651329
    0.03791174
    0.05305836
    0.04938335
    0.05306904
    0.05005295
    0.04044396
    0.05483141
    0.05943433
    0.06805651
    0.06880367
    0.05685826
    0.04272887
    0.04912191
    0.04619011
    0.03705976
    0.02712135
    0.06078715
    0.06927650
    0.06815978
    0.06638694
    0.05123842
    0.04962119
    0.05459168
    0.07369790
    0.06248833
    0.06710572
    0.05105878
    0.05829527
