           1           2  0.96908927791068100     
           2           3  0.99073594075857763     
           3           4   1.2848534452620592     
           4           5   1.5579539751473206     
           5           6   1.2729104292237023     
           6           7   1.2783960453827141     
           7           8   1.5559573190014233     
           8           9   1.3216816270575313     
           7          10  0.11729990707850717     
           9          10   1.5532181013387190     
           6          11   1.2549267237173953     
          10          11   1.2834516746720652     
           3          12   1.4482471740874310     
           5          12  0.10551536037422375     
          11          12   1.2327072564879695     
          12          13   1.0329912313630327     
          13          14   1.4473021825960302     
          14          15   1.2880216319743796     
          13          16  0.10461957509119356     
          15          16   1.5559518222985087     
          16          17   1.2729280861260490     
          17          18   1.2821284148565935     
          18          19   1.5530798609249350     
          19          20   1.3235986362707475     
          18          21  0.11692134011763056     
          20          21   1.5513833300272459     
          13          22   1.2336839878672954     
          17          22   1.2525304107033566     
          21          22   1.2854766911843680     
          14          23  0.95111050008734421     
          23          24  0.97795925780767745     
           2          25   1.2266985742382863     
          23          25   1.1978202801232047     
          25          26  0.95426366849980493     
          26          27   1.1987705024701210     
          27          28  0.92678353816246228     
          28          29   1.0289636405597185     
          29          30   1.4012259808613121     
          30          31   1.4482545275719598     
          29          32  0.10674992713564467     
          31          32   1.4368765417151141     
          30          33  0.11045666562467180     
          32          33   1.4358181687755289     
          29          34   1.4043484836371012     
          31          34  0.10862561161742806     
          33          34   1.4461591068507165     
          25          35   1.2435498204255833     
          35          36  0.97087994961572588     
          35          37  0.92407909167353153     
          37          38  0.99514837146334445     
          37          39  0.99830206884837136     
          37          40  0.99402456213298485     
           1          41  0.97723751414452797     
           1          42  0.96286390301054425     
           1          43  0.96892994844062508     
           4          44  0.96226723600044539     
           5          45  0.96625671948259895     
           7          46  0.96677315908258321     
           8          47  0.96940896158305667     
           9          48  0.96974382947301696     
          10          49  0.96547861914632604     
          15          50  0.96142942253352881     
          16          51  0.96626341159382401     
          18          52  0.96685855717385993     
          19          53  0.96910753487960521     
          20          54  0.96940984798369945     
          21          55  0.96516067553179474     
          24          56  0.97351275314301922     
          24          57  0.96872482185960096     
          24          58  0.97359742027382268     
          28          59  0.96771869292267332     
          28          60  0.96680860553037506     
          30          61  0.96865329473232720     
          31          62  0.96962473855087417     
          32          63  0.96966231268122804     
          33          64  0.97023582640821382     
          34          65  0.96509266183567166     
          36          66  0.97596649385871614     
          36          67  0.97296966395747408     
          36          68  0.96400374323771776     
          38          69  0.97973607010702979     
          38          70  0.97457170429660700     
          38          71  0.98181651181965379     
          39          72  0.97414556165049804     
          39          73  0.97586676306974873     
          39          74  0.93834226644260155     
          40          75  0.97856463276560646     
          40          76  0.98250454011565191     
          40          77  0.98206095653887882     
