   -0.03012252
   -0.12881250
    0.05273478
   -0.04592709
   -0.03353121
    0.01194677
   -0.03136704
   -0.02200374
   -0.02251547
   -0.03132411
    0.01077283
   -0.00868243
   -0.01101792
    0.05588174
   -0.04886906
   -0.03339777
    0.01182250
   -0.03136718
   -0.02342932
   -0.02375798
   -0.03359643
    0.01131587
   -0.11529487
   -0.04045610
    0.28085908
   -0.04925455
   -0.06281207
    0.03829123
   -0.03304308
   -0.02390502
   -0.02318068
   -0.02396200
   -0.03116595
   -0.15140077
    0.04702954
   -0.06498973
   -0.05964479
   -0.06301838
   -0.05874700
   -0.06283290
    0.04189670
   -0.06745766
   -0.05839727
   -0.06895187
    0.01671290
   -0.03565003
   -0.02671969
   -0.03315535
   -0.03904714
   -0.01114250
    0.05910011
    0.05706674
    0.06095976
    0.03727966
    0.05306300
    0.04779172
    0.05110549
    0.04854156
    0.03935264
    0.04996171
    0.05219551
    0.04728690
    0.04918975
    0.04566393
    0.03521330
    0.07344997
    0.07129727
    0.05947856
    0.04772033
    0.05139856
    0.05657637
    0.05592974
    0.04949584
    0.04585926
    0.04710241
    0.03640501
    0.04841921
    0.03602602
    0.04614125
    0.04378801
    0.03277403
    0.04536204
    0.04484539
    0.03271466
    0.06099105
    0.04183991
    0.04384612
    0.04416846
    0.05072943
    0.05920319
    0.05695147
    0.04985321
    0.04950078
    0.03899030
    0.03005758
