           1           2  0.97244828367990166     
           2           3  0.96075260068230661     
           3           4   1.2863883653855819     
           4           5   1.5523543055377718     
           5           6   1.2711084138188440     
           6           7   1.2819062892552628     
           7           8   1.5531340858463534     
           8           9   1.3240273744032487     
           7          10  0.11705002416999676     
           9          10   1.5508453394529866     
           6          11   1.2533151809061369     
          10          11   1.2863167268661384     
           3          12   1.4526995971380214     
           5          12  0.10529456821104825     
          11          12   1.2316476301227850     
          12          13   1.0322015629799701     
          13          14   1.4553165874698921     
          14          15   1.2806148396080050     
          13          16  0.10437240521013863     
          15          16   1.5590837242246749     
          16          17   1.2692691156892411     
          17          18   1.2816144466503445     
          18          19   1.5529792646136118     
          19          20   1.3246073878808233     
          18          21  0.11734307003381286     
          20          21   1.5507789259682441     
          13          22   1.2289676074019016     
          17          22   1.2550912040740707     
          21          22   1.2863462750277175     
          14          23  0.99010032631535561     
          23          24  0.97143867500991676     
           2          25   1.2119412653050166     
          23          25   1.2193728374189792     
          25          26   1.0255894812417572     
          26          27   1.1323457989065300     
          27          28  0.97781749265039941     
          28          29   1.4070770180525483     
          29          30   1.4375580752743655     
          28          31  0.10290331964314464     
          30          31   1.4389444679616334     
          29          32  0.10878738288318601     
          31          32   1.4329478080629028     
          28          33   1.4057311874720408     
          30          33  0.10992774821320292     
          32          33   1.4434372064965741     
          25          34   1.2395531402619233     
          34          35  0.93282016378097832     
          35          36  0.99065073281966298     
          36          37   1.0018518128122278     
          37          38   1.0100110532598092     
          38          39   1.0094854554697816     
          35          40  0.99173431381801369     
          39          40   1.0026235351100392     
          34          41  0.94069584856703825     
          41          42  0.98946606190018771     
          42          43   1.0050850959609858     
          43          44   1.0076653509740072     
          44          45   1.0158917673873873     
          45          46   1.4044315807327066     
          46          47   1.4541810672187474     
          45          48  0.10307759556457120     
          47          48   1.4210183661863265     
          46          49  0.10750261748431829     
          48          49   1.4521456105818702     
          41          50  0.98754140765563980     
          45          50   1.3704579738312095     
          47          50  0.10030464409760201     
          49          50   1.3837158206177886     
           1          51  0.96577315178923728     
           1          52  0.97690893734969775     
           1          53  0.97428793734230146     
           4          54  0.95990304808509996     
           5          55  0.96620357895997766     
           7          56  0.96705570946446717     
           8          57  0.96933624036107702     
           9          58  0.96957498827082667     
          10          59  0.96584054733718783     
          15          60  0.96202844420949374     
          16          61  0.96629253959329875     
          18          62  0.96703233569550751     
          19          63  0.96948742782566488     
          20          64  0.96985586020367465     
          21          65  0.96506753677546842     
          24          66  0.97730612489464197     
          24          67  0.95646105577211871     
          24          68  0.97105478210547636     
          29          69  0.96374574127569224     
          30          70  0.96819516665586203     
          31          71  0.96894701793911819     
          32          72  0.96760547563408217     
          33          73  0.96667737031666212     
          35          74  0.94071541370656497     
          36          75  0.97187141333704874     
          36          76  0.96835893578404497     
          37          77  0.97532128622517811     
          37          78  0.97691233522336551     
          38          79  0.97537427204534211     
          38          80  0.97647825174385117     
          39          81  0.97434693017042795     
          39          82  0.97570543252534336     
          40          83  0.96907482697290426     
          40          84  0.96238783286622320     
          41          85  0.94213603170200155     
          42          86  0.97353069778011547     
          42          87  0.96459386045438111     
          43          88  0.97636993970419439     
          43          89  0.97527306170030603     
          44          90  0.96539962841313431     
          44          91  0.95391614276924064     
          46          92  0.96757151740248937     
          47          93  0.96955239551707595     
          48          94  0.96977133204401111     
          49          95  0.95359494909774734     
