    0.02789686
   -0.24099211
    0.15409579
   -0.06770194
    0.02065783
   -0.11300605
    0.01142927
   -0.10406246
   -0.04437194
    0.52233480
   -0.17068618
    0.04815066
   -0.12418817
   -0.11986347
    0.05140818
   -0.12057941
   -0.12262378
   -0.26168446
    0.11730268
    0.00262278
   -0.11232210
   -0.04684162
    0.01234754
   -0.03008483
   -0.02104426
   -0.02222944
   -0.03077011
    0.00869270
   -0.01207821
   -0.00907718
    0.11114067
    0.00181048
   -0.10673254
   -0.04371486
    0.01371750
   -0.02949215
   -0.02050057
   -0.02166319
   -0.02969994
    0.01027030
   -0.25094452
    0.01948558
   -0.10727525
   -0.08008126
    0.05150448
    0.05026624
    0.07733401
    0.06731209
    0.05543707
    0.06019089
    0.05905611
    0.06659725
    0.06391366
    0.04989697
    0.05588379
    0.04930555
    0.05173886
    0.06482636
    0.04833711
    0.04509679
    0.05776158
    0.06720360
    0.05844962
    0.05805388
    0.06464415
    0.05305367
    0.05851783
    0.06985211
    0.06099950
    0.05094311
    0.05359879
    0.05073094
    0.04064688
    0.06277865
    0.05400519
    0.06568886
    0.06223327
    0.05164870
    0.05407102
    0.05133741
    0.04302772
    0.05497253
    0.06297348
    0.05437174
    0.05268692
