           1           2  0.97416917230571853     
           2           3   1.1097568115705105     
           3           4   1.3212408349093003     
           4           5   1.4625063597570873     
           5           6   1.0303270868109187     
           5           7   1.3329210938231113     
           7           8   1.0044821069437000     
           8           9   1.0905567519505956     
           9          10  0.99662655116423970     
          10          11   1.2247958272703268     
          11          12  0.93828773676238197     
          12          13   1.0059800426055805     
          12          14   1.0066035967103859     
          11          15  0.94335104088394128     
          15          16   1.0058870340436747     
          15          17   1.0032060502019973     
          10          18   1.2844400708223811     
          18          19  0.87964438254463939     
          19          20   1.2754415713095359     
          20          21   1.0279713884148640     
          20          22   1.5049076146619993     
          22          23   1.2874914701872624     
          23          24   1.2760521507912965     
          24          25   1.5580856925774105     
          25          26   1.3200119538466639     
          24          27  0.11738729972294099     
          26          27   1.5535808273313298     
          23          28   1.2479387096393137     
          27          28   1.2837008363550946     
          19          29   1.4603550196320485     
          22          29  0.10781737703223110     
          28          29   1.2356572291340830     
          29          30   1.0290064907849885     
          30          31   1.4696227317719737     
          31          32   1.2687744939469832     
          32          33   1.0295546917956084     
          30          34  0.10606949586837928     
          32          34   1.5112363468488719     
          34          35   1.2816430065988214     
          35          36   1.2785619734730362     
          36          37   1.5556491699345825     
          37          38   1.3223882241413765     
          36          39  0.11722159480630556     
          38          39   1.5512475762302853     
          30          40   1.2296392150037356     
          35          40   1.2503109921975044     
          39          40   1.2865737368456043     
          10          41   1.3213112935951228     
          31          41  0.87979370956730796     
           7          42   1.3595967360167864     
          42          43   1.0331357953793638     
           3          44   1.3515729304056165     
          42          44   1.4252464336243489     
           1          45  0.97583248700852421     
           1          46  0.97575605786970621     
           1          47  0.97807706616366497     
           4          48  0.96246034633559396     
           6          49  0.96318303693983354     
           6          50  0.96951839677684315     
           6          51  0.98291220548409630     
          12          52  0.95383868776044822     
          13          53  0.98065802759746301     
          13          54  0.98042306214506669     
          13          55  0.97620444471799583     
          14          56  0.98387158619701109     
          14          57  0.97888749575408807     
          14          58  0.97989705047243914     
          15          59  0.93788117745192556     
          16          60  0.97415665497022286     
          16          61  0.98077006660967470     
          16          62  0.97949223238093408     
          17          63  0.97945802147263028     
          17          64  0.98070349213382491     
          17          65  0.98048146157123939     
          21          66  0.97692749527913103     
          21          67  0.97503388289865101     
          21          68  0.96013107491164362     
          22          69  0.96390016232686360     
          24          70  0.96674204415693377     
          25          71  0.96904606940079974     
          26          72  0.96938275328106205     
          27          73  0.96540662686234557     
          33          74  0.96545872151424783     
          33          75  0.95146482627713114     
          33          76  0.98196463167279902     
          34          77  0.96319318984464664     
          36          78  0.96661811974352807     
          37          79  0.96897794293965755     
          38          80  0.96934626604323593     
          39          81  0.96491513108389038     
          43          82  0.95596394217855551     
          43          83  0.96869560371511643     
          43          84  0.98275729657674737     
          44          85  0.96113421666509791     
