   -0.12471581
    0.04995148
   -0.12117472
   -0.16773151
    0.04722945
   -0.12109987
   -0.12455937
    0.55748336
   -0.05600073
    0.01409571
    0.03831517
   -0.03042673
   -0.01693015
   -0.02128724
   -0.02013715
   -0.02821799
    0.49026604
   -0.19616892
   -0.21499329
   -0.19191257
   -0.27514351
    0.11718250
   -0.05403958
   -0.03956931
    0.01593343
    0.01211310
   -0.01742036
   -0.01482022
    0.11603217
   -0.05226026
   -0.03962429
    0.01433305
    0.00966821
   -0.06488896
   -0.05926221
   -0.06028049
   -0.06628253
   -0.25674648
   -0.06351035
   -0.05870316
   -0.06038924
   -0.06591053
    0.06685642
    0.05456414
    0.06766198
    0.05620383
    0.06044387
    0.04568124
    0.06959529
    0.05896886
    0.06182354
    0.06178533
    0.06733655
    0.04093491
    0.06997907
    0.06659630
    0.06434729
    0.06959452
    0.07035973
    0.08058323
    0.07304584
    0.06466535
    0.06471167
    0.06516963
    0.04716657
    0.05564535
    0.04493254
    0.04468761
    0.04902996
    0.03724163
    0.05349549
    0.06492347
    0.05596523
    0.05191544
    0.04123725
    0.04545399
    0.04263145
    0.04791866
    0.06230394
    0.05614670
