           1           2   1.0022103122302344     
           2           3   1.0067405331764550     
           2           4  0.93006718460112503     
           4           5  0.93155158356369061     
           5           6   1.0068421604118405     
           5           7   1.0056154568012277     
           4           8   1.2440707000863225     
           4           9  0.10119529758383118     
           8           9  0.95242799061447148     
           9          10   1.1730124339628072     
          10          11   1.0031925158444073     
          11          12   1.4079408945656182     
          12          13   1.4400646310684011     
          11          14  0.10109408418731837     
          13          14   1.4323969850676603     
          12          15  0.10627476185166138     
          14          15   1.4340887665853448     
          11          16   1.3697727773656605     
          13          16  0.10349105100110689     
          15          16   1.4189473981780425     
          16          17  0.95047517103430967     
          17          18  0.94947038394781513     
          17          19  0.92971326094053086     
          17          20  0.96455289688061241     
           8          21   1.2941449266613501     
          21          22  0.86110821339588872     
          22          23   1.4030357067362400     
          23          24   1.4377503376073131     
          24          25   1.4050778920299667     
          25          26   1.3818929386166579     
          22          27   1.3688068569349694     
          24          27  0.10082581730044411     
          26          27   1.3621678634461762     
          27          28   1.0173042093501723     
          28          29   1.3718336921905163     
          29          30   1.3997011955146235     
          28          31  0.10062017837154200     
          30          31   1.4412775444192174     
          31          32   1.4031001411956130     
          28          33   1.3608648460729869     
          32          33   1.3844950740489090     
          33          34   1.0154900439305914     
          34          35   1.0049909253342193     
          35          36   1.0097839159016824     
          32          37   1.0162615747126580     
          36          37   1.0068686628805146     
           8          38   1.3190017859225731     
          29          38  0.86851404131267418     
          26          39   1.0156768741175330     
          39          40   1.0052161501357773     
          40          41   1.0097118898719393     
          25          42   1.0165013618918564     
          41          42   1.0068522454333682     
           1          43  0.97986953090520790     
           1          44  0.98118537787081184     
           1          45  0.97947597862861835     
           2          46  0.94016323296174720     
           3          47  0.97825482182628021     
           3          48  0.97939192003813225     
           3          49  0.97856700501576643     
           5          50  0.95448916205239431     
           6          51  0.97819015622451444     
           6          52  0.98195986471174179     
           6          53  0.97780031005724322     
           7          54  0.96487304672471086     
           7          55  0.97961326753674849     
           7          56  0.97956821441864428     
          12          57  0.96268424724948298     
          13          58  0.96400498457449890     
          14          59  0.96571343375133534     
          15          60  0.96240373671966606     
          23          61  0.96059463614740093     
          24          62  0.96577349945326163     
          30          63  0.96327413231242720     
          31          64  0.96581345486633596     
          34          65  0.94750496539713081     
          34          66  0.96170126558978752     
          35          67  0.97618406998173424     
          35          68  0.97635396457455459     
          36          69  0.97583639761410468     
          36          70  0.97542772656676857     
          37          71  0.96526237834421291     
          37          72  0.95017431869975078     
          39          73  0.94924137674869280     
          39          74  0.96286046574510809     
          40          75  0.97658481496138438     
          40          76  0.97619750348066869     
          41          77  0.97693896414805370     
          41          78  0.97597380548743495     
          42          79  0.95044884956411957     
          42          80  0.96494531584913801     
