   -0.12707294
    0.04896094
   -0.12414904
   -0.16839600
    0.04379684
   -0.12820957
   -0.12437266
    0.57283266
   -0.05992345
    0.00894558
    0.03783792
   -0.04871178
    0.10489633
   -0.12274510
   -0.05005751
    0.10429987
   -0.11612478
   -0.05102172
   -0.25232891
    0.11718869
   -0.05425024
   -0.02521557
   -0.03837991
    0.01379186
   -0.01526191
    0.02369441
   -0.06335066
   -0.06818498
   -0.06050043
   -0.06698198
    0.01746335
   -0.03712906
   -0.02757811
   -0.05445764
    0.12163588
   -0.01416686
   -0.27424553
    0.04805739
    0.06137229
    0.07130516
    0.04632945
    0.06810036
    0.05715373
    0.06240005
    0.07102814
    0.07065630
    0.05577236
    0.05255348
    0.05171162
    0.05583913
    0.06965547
    0.08249358
    0.09545410
    0.08265734
    0.06175284
    0.07124152
    0.06743382
    0.05709166
    0.04410525
    0.06188692
    0.06809877
    0.05542908
    0.04264502
    0.06622552
    0.06376315
    0.06611383
    0.06614275
    0.06300192
