           1           2   1.0062393181210374     
           2           3   1.0034520983821253     
           2           4  0.93651147404670287     
           4           5  0.93461176874683904     
           5           6   1.0068187377935256     
           5           7   1.0068588389130986     
           4           8   1.2445458259346494     
           8           9  0.95923194994595329     
           9          10   1.1791115661077145     
          10          11  0.98848134087962469     
          11          12   1.4056137953906542     
          12          13   1.3874802060589904     
          13          14   1.0067096248938581     
          13          15   1.4002201368434730     
          15          16   1.3919911487401202     
          16          17   1.0124382445991129     
          11          18   1.4067758732115909     
          16          18   1.3917244859560540     
           8          19   1.3058193421246933     
          19          20  0.87369577409616106     
          20          21   1.3823958631822597     
          21          22   1.4503509217386248     
          22          23   1.4202832949003064     
          21          24  0.10656182167900355     
          23          24   1.4390850572807499     
          20          25   1.4056380538040469     
          22          25  0.10434511553204254     
          24          25   1.3449579245463290     
          25          26  0.99220689460782674     
          26          27  0.95465722022572141     
          24          28   1.0173266665751912     
          27          28   1.0022300587438420     
          26          29  0.95689485369002136     
          29          30   1.0022280823121428     
          30          31   1.0170628551696039     
          31          32   1.4396346874490504     
          32          33   1.4201243378756661     
          31          34  0.10623401716748598     
          33          34   1.4500463726367661     
          34          35   1.3836855890579924     
          26          36  0.98946137643604237     
          31          36   1.3448476974926009     
          33          36  0.10462454332139244     
          35          36   1.4039734840222742     
           8          37   1.2853108375416162     
          35          37  0.86627030194762078     
           1          38  0.97810136943069803     
           1          39  0.98077192468538898     
           1          40  0.97866592801611807     
           2          41  0.94562330666593442     
           3          42  0.97960219715853225     
           3          43  0.98011709919636014     
           3          44  0.97916953194345968     
           5          45  0.95429243573970046     
           6          46  0.97918984544136822     
           6          47  0.97581262061645169     
           6          48  0.97923338930869053     
           7          49  0.98383857499396932     
           7          50  0.97849422333647451     
           7          51  0.97916290031980013     
          12          52  0.96248777132251173     
          15          53  0.96011160753068459     
          18          54  0.96132183130665338     
          21          55  0.96305388987751761     
          22          56  0.96670496230856373     
          23          57  0.96522456473674745     
          27          58  0.97624364773848371     
          27          59  0.97622784243666505     
          28          60  0.96358525208353785     
          28          61  0.95371157032812481     
          29          62  0.97678349472336423     
          29          63  0.97840208842855214     
          30          64  0.95438400091795139     
          30          65  0.96432673774377620     
          32          66  0.96569945511641198     
          33          67  0.96743053709417182     
          34          68  0.96142280852177653     
