   -0.02705894
   -0.13237102
    0.05433948
   -0.05169765
   -0.03407013
    0.01169431
   -0.03103692
   -0.02252915
   -0.02243154
   -0.03178341
    0.01229236
   -0.01041110
   -0.00981693
    0.05465911
   -0.04858279
   -0.03096536
    0.01323184
   -0.02996136
   -0.02329094
   -0.02409034
   -0.03396593
    0.01230528
   -0.12303049
   -0.03652130
    0.31498385
   -0.06566068
   -0.05666705
    0.03892944
   -0.03167896
   -0.02394599
   -0.02365343
   -0.02412399
   -0.03195951
   -0.15709472
    0.00290164
   -0.00241425
   -0.03483187
   -0.02267543
   -0.02398012
   -0.02659866
   -0.03737225
    0.08158321
   -0.06215016
   -0.01467278
   -0.06689966
   -0.01303949
   -0.06608766
   -0.01347430
   -0.06718435
   -0.06089119
   -0.06782666
    0.06923977
    0.04911206
    0.05925120
    0.03786026
    0.05058158
    0.04700075
    0.05017975
    0.04766729
    0.03863882
    0.04533236
    0.05439921
    0.04826097
    0.04949426
    0.04512755
    0.03509891
    0.05579820
    0.07010557
    0.07627989
    0.04790678
    0.05293241
    0.05682540
    0.05627833
    0.05082511
    0.07290147
    0.04367990
    0.03646213
    0.05086591
    0.05137232
    0.04565055
    0.03486519
    0.03532604
    0.04245233
    0.04228401
    0.04920161
    0.03661823
    0.03569692
    0.04812680
    0.03265185
    0.03812230
    0.03812990
    0.04881310
    0.02497183
    0.03516308
    0.04431292
    0.03971312
