           1           2  0.97368945874380131     
           2           3  0.98274380722381072     
           3           4   1.2765017996187842     
           4           5   1.5554875165354369     
           5           6   1.2736897465092063     
           6           7   1.2805351029639980     
           7           8   1.5545925511976946     
           8           9   1.3228080911623834     
           7          10  0.11743263989467466     
           9          10   1.5526620134119069     
           6          11   1.2536371759532403     
          10          11   1.2843901054887685     
           3          12   1.4489997803283234     
           5          12  0.10577656030378904     
          11          12   1.2339370616002354     
          12          13   1.0288909972571008     
          13          14   1.4566526389394541     
          14          15   1.2829361824281194     
          13          16  0.10524877453747437     
          15          16   1.5575757744429701     
          16          17   1.2725077283202828     
          17          18   1.2804930869183799     
          18          19   1.5544986525738991     
          19          20   1.3232132765603284     
          18          21  0.11743033422245462     
          20          21   1.5516707996741201     
          13          22   1.2307607233712998     
          17          22   1.2545979008066532     
          21          22   1.2829489214105794     
          14          23  0.97198235537754507     
          23          24  0.96818645568690609     
           2          25   1.1773980633435883     
          23          25   1.2029802475943747     
          25          26   1.0020906230105424     
          26          27   1.1587875465531656     
          27          28  0.97961339215202414     
          28          29   1.4033350521926131     
          29          30   1.4388836016649362     
          28          31  0.10256618549381097     
          30          31   1.4385532227650701     
          29          32  0.10851568139792850     
          31          32   1.4326583883613393     
          28          33   1.4038412340987989     
          30          33  0.10960806213201495     
          32          33   1.4437086360663358     
          25          34   1.2425171066991394     
          34          35  0.94645094428938492     
          35          36  0.99796681621836203     
          36          37   1.3964529536702934     
          37          38   1.4470920634769118     
          36          39  0.10751979388278286     
          38          39   1.4363366571663501     
          37          40  0.10942081876491024     
          39          40   1.4381717752999807     
          36          41   1.4101609605464769     
          38          41  0.10935536829597049     
          40          41   1.4435136070121573     
          34          42  0.90310586880428290     
          42          43  0.98325525266440106     
          43          44  0.98871689495268766     
          44          45  0.99891860165313306     
          45          46  0.99823549149421498     
          46          47  0.99896109096932151     
          47          48  0.99878401477608925     
          44          49  0.99876446911233785     
          48          49  0.99828824824211781     
          42          50  0.98411412755425243     
          48          50  0.99106629689615078     
          42          51  0.98777283669908089     
          46          51  0.98762703091453607     
           1          52  0.97658959668819445     
           1          53  0.96985872109178306     
           1          54  0.96094916623860605     
           4          55  0.96250821088348604     
           5          56  0.96620936526056722     
           7          57  0.96712264900116351     
           8          58  0.96942274070077872     
           9          59  0.96966409077943194     
          10          60  0.96539205008425943     
          15          61  0.96294267990301075     
          16          62  0.96612885456415154     
          18          63  0.96698548526432515     
          19          64  0.96946749645361308     
          20          65  0.96989413261821333     
          21          66  0.96528788469252613     
          24          67  0.97156267577612310     
          24          68  0.96128563216261020     
          24          69  0.97680769172979864     
          29          70  0.96429097173864509     
          30          71  0.96797722462911162     
          31          72  0.96894241947895832     
          32          73  0.96758754635935418     
          33          74  0.96634991437548556     
          35          75  0.94401315462390267     
          35          76  0.96078110091942137     
          37          77  0.96721382184810956     
          38          78  0.96933472795669839     
          39          79  0.96981808883152976     
          40          80  0.97002792140541827     
          41          81  0.96201698426035054     
          43          82  0.96880472053044087     
          43          83  0.96691855521165238     
          44          84  0.96625141256584024     
          45          85  0.97342030906120625     
          45          86  0.97513907635209418     
          46          87  0.96711314482114519     
          47          88  0.97376090396620496     
          47          89  0.97383805833475656     
          48          90  0.96675329812707855     
          49          91  0.97511788932721466     
          49          92  0.97378706145181504     
          50          93  0.96464590057245791     
          50          94  0.97039948321722691     
          51          95  0.96266720691156960     
          51          96  0.94094741747793242     
