   -0.12339888
    0.04507811
   -0.12771034
   -0.16287418
    0.04128281
   -0.13390344
   -0.12619795
    0.54218454
    0.01946575
    0.00918321
    0.03620517
   -0.03088445
   -0.01452958
   -0.01808057
   -0.02183462
   -0.02918291
    0.48986534
   -0.19284653
   -0.21418905
   -0.19469218
   -0.25505893
    0.12313121
   -0.06237422
   -0.02342912
   -0.05602263
    0.14653332
   -0.04691276
    0.01845758
    0.06840822
   -0.24647365
    0.07000995
   -0.24245098
    0.14791189
   -0.05442627
   -0.02423426
   -0.06005130
    0.13002602
   -0.04962309
   -0.28028711
    0.07375673
    0.05141754
    0.04845115
    0.06810088
    0.05339458
    0.06844012
    0.06053064
    0.06477867
    0.07854040
    0.06780123
    0.06110085
    0.05970943
    0.07475866
    0.04720747
    0.06404704
    0.07429633
    0.07875575
    0.08223409
    0.07322095
    0.08170516
    0.08338520
    0.07780621
    0.04343465
    0.05185555
    0.07542625
    0.08603653
    0.07930678
    0.07442703
