           1           2   1.0084664617785242     
           2           3   1.0045252616443110     
           2           4  0.92790350991677051     
           4           5  0.93735355404581999     
           5           6   1.0087601321088808     
           5           7   1.0063217822612274     
           4           8   1.2405128723234260     
           8           9  0.89245654360704407     
           9          10   1.2675362387718103     
          10          11  0.99117944262948099     
          11          12   1.4102832919543111     
          12          13   1.4405382412337777     
          11          14  0.10222688873389188     
          13          14   1.4310973167213752     
          12          15  0.10585818681595184     
          14          15   1.4358985416760277     
          11          16   1.3738932066284173     
          13          16  0.10368128005598064     
          15          16   1.4148639997094121     
          16          17  0.94945497826180580     
          17          18  0.96321524661048574     
          17          19  0.93148845982138717     
          17          20  0.95143509260089099     
           8          21   1.2840176073619967     
          21          22  0.90578094613686810     
          22          23   1.3716905457561124     
          23          24   1.4381849373059372     
          24          25   1.4352986470746669     
          25          26   1.3793793834993240     
          22          27   1.4114186340498289     
          26          27   1.3015350611933516     
          27          28  0.98988355978967335     
          28          29  0.95681427613960324     
          26          30   1.0910890431298264     
          29          30  0.96235397322833438     
          28          31  0.95429797113668324     
          31          32  0.96611499404846957     
          32          33   1.0880771365571433     
          33          34   1.3795443787239521     
          34          35   1.4367135938066169     
          35          36   1.4374154983561709     
          36          37   1.3790817887531224     
          28          38  0.98751318754986350     
          33          38   1.3052997407336477     
          35          38  0.10001838888556402     
          37          38   1.4068749118737920     
           8          39   1.2379848550059289     
          37          39  0.89491664366591772     
           1          40  0.97710273311266749     
           1          41  0.98239267668675578     
           1          42  0.97704034901222070     
           2          43  0.95537032360858953     
           3          44  0.97861742428197318     
           3          45  0.98016240880990813     
           3          46  0.97949549531742697     
           5          47  0.95729190596260816     
           6          48  0.97488450957156947     
           6          49  0.96576944152013078     
           6          50  0.96202515638795205     
           7          51  0.98129273230851266     
           7          52  0.97777210918954438     
           7          53  0.97468801640968628     
          12          54  0.95489386965511791     
          13          55  0.96416819128441555     
          14          56  0.96542822881349533     
          15          57  0.96191107785836882     
          23          58  0.95745355648494246     
          24          59  0.96533770616332681     
          25          60  0.96250165056266357     
          29          61  0.96861646197439888     
          29          62  0.96444976935016857     
          31          63  0.96666192959371389     
          31          64  0.96902696475989791     
          34          65  0.96238833788686584     
          35          66  0.96576228862995006     
          36          67  0.95770544585738415     
