   -0.12850853
    0.04242691
   -0.12251887
   -0.14466194
    0.04823776
   -0.11920571
   -0.11800981
    0.29435967
   -0.07148786
   -0.05003255
    0.03826971
   -0.03496538
   -0.02294773
   -0.02414668
   -0.02285336
   -0.03433454
   -0.12686279
   -0.02955238
    0.05275079
   -0.05439749
   -0.02982175
   -0.03758366
    0.01432967
   -0.01016122
    0.01864886
   -0.05894224
   -0.06502870
   -0.05617132
   -0.06367705
    0.01396720
   -0.03462386
   -0.02636110
   -0.04592133
    0.05029538
   -0.00952222
   -0.12335705
   -0.03603195
    0.05498875
    0.05996893
    0.06411185
    0.06704925
    0.05460490
    0.05257845
    0.06999943
    0.05059751
    0.04609131
    0.06364159
    0.05861914
    0.05943616
    0.05840258
    0.04300222
    0.04819194
    0.05553027
    0.05707276
    0.05568942
    0.04528343
    0.06236560
    0.05855574
    0.05688147
    0.04152788
    0.05289616
    0.05512390
    0.03538748
    0.05034511
    0.05525167
    0.05925629
    0.04809144
    0.03402527
    0.05864273
    0.05333746
    0.05574540
    0.05647037
    0.04210823
    0.06374867
    0.06126376
    0.06251861
