           1           2   1.0036168215090224     
           2           3   1.0085999555276233     
           2           4  0.93877671994489609     
           4           5  0.93746472983620099     
           5           6   1.0020810963623541     
           5           7   1.0050895227414500     
           4           8   1.2445196593940893     
           8           9  0.97128902009288909     
           9          10   1.1681776757710245     
          10          11  0.98618337797501554     
          11          12   1.4050470324663129     
          12          13   1.4397001377719634     
          11          14  0.10186868367450627     
          13          14   1.4360586849980173     
          12          15  0.10872788684399767     
          14          15   1.4347566417989195     
          11          16   1.3935817875029177     
          13          16  0.10869091976597353     
          15          16   1.4428712949213065     
           8          17   1.2328625055052891     
          17          18  0.97305414286073433     
          17          19  0.95738090082911076     
          19          20   1.3700729533973852     
          20          21   1.4585221527412837     
          21          22   1.4150307547612191     
          20          23  0.10557494034578055     
          22          23   1.4425052731025820     
          19          24   1.4045903579367180     
          21          24  0.10201108599709537     
          23          24   1.3471440606240046     
          24          25  0.99019599357674004     
          25          26  0.95562895641103152     
          23          27   1.0160513762439638     
          26          27   1.0034186494149846     
          25          28  0.95863200106615698     
          28          29   1.0020008886576237     
          29          30   1.0146649602322022     
          30          31   1.4430018533006210     
          31          32   1.4144842609680321     
          30          33  0.10683722081520228     
          32          33   1.4574619400455497     
          33          34   1.3753642171547429     
          25          35  0.99033323782143445     
          30          35   1.3465103922787289     
          32          35  0.10322951805865463     
          34          35   1.4039693967652001     
           8          36   1.2434615568949845     
          34          36  0.95111980066733359     
          36          37  0.97222476556178838     
           1          38  0.98045957833621777     
           1          39  0.96695307068404557     
           1          40  0.97980703923551904     
           2          41  0.95292595147098647     
           3          42  0.95984350154449405     
           3          43  0.98152845653483767     
           3          44  0.97830112702265726     
           5          45  0.93873143736589693     
           6          46  0.97677823282130993     
           6          47  0.97926177255136004     
           6          48  0.97843757401174691     
           7          49  0.98044423006173587     
           7          50  0.98133806275083002     
           7          51  0.97964327570449639     
          12          52  0.96369754166681965     
          13          53  0.96753812703039987     
          14          54  0.96883024232663628     
          15          55  0.96752536460006033     
          16          56  0.96678547082638067     
          18          57  0.97568956417355424     
          18          58  0.96492355944178954     
          18          59  0.97152334557618714     
          20          60  0.95960914647820217     
          21          61  0.96877030796868113     
          22          62  0.96709276258019217     
          26          63  0.97802590373218490     
          26          64  0.97668642275195916     
          27          65  0.96623436976617250     
          27          66  0.95566772905628661     
          28          67  0.97785518188357456     
          28          68  0.97848892588930947     
          29          69  0.95725583658411861     
          29          70  0.96615810333650476     
          31          71  0.96717561661839535     
          32          72  0.96862154129362543     
          33          73  0.96454544326392000     
          37          74  0.97802973952130312     
          37          75  0.97572107780613671     
          37          76  0.96298957478543834     
