    0.03024747
   -0.25254369
    0.14449532
   -0.06543747
   -0.02542248
   -0.03874835
   -0.03547528
    0.01066432
   -0.04449343
   -0.06442308
    0.25651801
   -0.13807507
    0.04866831
   -0.12197394
   -0.11607854
    0.08707653
   -0.13058336
   -0.13057028
   -0.12199869
   -0.11259078
   -0.03998055
    0.05150810
   -0.04307606
   -0.02975611
    0.01497239
   -0.02929828
   -0.02247087
   -0.02371155
   -0.03270225
    0.01290488
   -0.00528589
   -0.00775323
    0.05261535
   -0.05118757
   -0.03349083
    0.01295088
   -0.03068496
   -0.02229306
   -0.02277039
   -0.03274452
    0.01182806
   -0.12352647
   -0.03126180
    0.04776016
    0.07478545
    0.05551874
    0.05574327
    0.05804083
    0.05349757
    0.05105402
    0.05544384
    0.04665388
    0.06418765
    0.05700625
    0.04548048
    0.05569786
    0.05568120
    0.05678209
    0.06321379
    0.05697193
    0.06161902
    0.05802882
    0.06988304
    0.05415359
    0.06421772
    0.05489120
    0.06911259
    0.06554570
    0.06209582
    0.04291884
    0.05589354
    0.04914293
    0.05023035
    0.04599045
    0.03704345
    0.03805974
    0.05155223
    0.04732628
    0.05025015
    0.04739830
    0.03860948
    0.06057333
    0.05483584
    0.06306785
