           1           2  0.97183025503172638     
           2           3   1.0871949321690528     
           3           4   1.3656248356370750     
           4           5   1.4423768881679193     
           5           6   1.4307257944883254     
           4           7  0.10230068303740904     
           6           7   1.4321204074275093     
           3           8   1.3120162570094518     
           7           8   1.4133114889030840     
           8           9  0.99770364401927625     
           9          10   1.1721581029715074     
          10          11  0.93773938947251589     
          11          12   1.2543784606107828     
          12          13  0.93585890707808073     
          13          14  0.99989970660518424     
          13          15   1.0050438599825626     
          12          16  0.92052367398155399     
          16          17  0.99485530957737411     
          16          18  0.99591996566831642     
          16          19  0.99504856948819931     
          11          20   1.2433836888654390     
          20          21  0.97321141316734106     
          20          22  0.96061394523441390     
          22          23   1.2908869472161528     
          23          24   1.5536384050478551     
          24          25   1.2729606476025666     
          25          26   1.2808071993265948     
          26          27   1.5546068182250496     
          27          28   1.3231900490347286     
          26          29  0.11714669087100266     
          28          29   1.5504004996455476     
          25          30   1.2537531971568237     
          29          30   1.2825925084177401     
          22          31   1.4569337835814808     
          24          31  0.10587746264491633     
          30          31   1.2336296434877818     
          31          32   1.0332662424274810     
          32          33   1.4574893985192088     
          33          34   1.2846278177672299     
          32          35  0.10556845476262190     
          34          35   1.5563472931212858     
          35          36   1.2738079730231586     
          36          37   1.2803329802707608     
          37          38   1.5546782402203949     
          38          39   1.3231419725871758     
          37          40  0.11750572830432104     
          39          40   1.5522242509602733     
          32          41   1.2317260909650576     
          36          41   1.2545905892958296     
          40          41   1.2850379938789220     
          11          42   1.2177765297827396     
          33          42  0.97550123943088551     
          42          43  0.97482450258288500     
           1          44  0.97637600508957811     
           1          45  0.97816605325515871     
           1          46  0.97609158410676455     
           4          47  0.96296790697346446     
           5          48  0.96879264481563698     
           6          49  0.96807072804443473     
           7          50  0.96216442201676244     
          13          51  0.93421773732842839     
          14          52  0.97917431195202154     
          14          53  0.97969140940367938     
          14          54  0.98059772137644696     
          15          55  0.97913775718766571     
          15          56  0.97635915138107432     
          15          57  0.98057418510644989     
          17          58  0.96097800159662949     
          17          59  0.97952794229339657     
          17          60  0.97901505632455832     
          18          61  0.94019692054671256     
          18          62  0.97877438151117468     
          18          63  0.97775351438957081     
          19          64  0.98091736718568423     
          19          65  0.97788986800174871     
          19          66  0.97562447378381723     
          21          67  0.96439659105740083     
          21          68  0.97581046450667708     
          21          69  0.97613788231080634     
          23          70  0.96406137293915328     
          24          71  0.96601277096534965     
          26          72  0.96692948714399973     
          27          73  0.96940102033863740     
          28          74  0.96982119348216800     
          29          75  0.96545259925895266     
          34          76  0.96177044613365981     
          35          77  0.96628020031573492     
          37          78  0.96704622144028174     
          38          79  0.96938545150601152     
          39          80  0.96969452942134782     
          40          81  0.96482412864473011     
          43          82  0.96269355736931761     
          43          83  0.97141141634630346     
          43          84  0.97622950857944368     
