    0.02934024
   -0.24731221
    0.14868433
   -0.07058187
    0.01868603
   -0.11599953
    0.00047284
   -0.03914697
   -0.00936357
    0.52745443
   -0.15407165
    0.00747672
   -0.06907132
   -0.06081541
   -0.06146097
   -0.06468431
    0.01712603
   -0.26226831
    0.10849790
    0.12684552
   -0.25936343
    0.03067079
   -0.07789432
    0.01259446
   -0.03147559
   -0.02047787
   -0.02343943
   -0.02889871
    0.00487464
   -0.00967348
   -0.00794118
    0.10528096
    0.12527284
   -0.25046635
    0.02587202
   -0.07343630
    0.01456900
   -0.03028209
   -0.01965690
   -0.02262269
   -0.02872060
    0.00623126
   -0.25862223
    0.01764105
   -0.11550533
   -0.08166865
    0.07650905
    0.05136343
    0.04418884
    0.06681504
    0.05895575
    0.06739088
    0.06668966
    0.05701294
    0.04525225
    0.04538937
    0.05634025
    0.04921451
    0.04162084
    0.04813560
    0.04176230
    0.05601678
    0.05614004
    0.04802889
    0.05052785
    0.04842624
    0.07283382
    0.05562753
    0.06323357
    0.05010388
    0.05485431
    0.05232125
    0.04474548
    0.06251859
    0.07746676
    0.05686539
    0.06642965
    0.05215811
    0.05613081
    0.05307921
    0.04610519
    0.05069208
    0.06296746
    0.06420920
    0.04920745
