           1           2  0.97654951507739662     
           2           3   1.0982470273983658     
           3           4   1.3316572601511503     
           4           5   1.4481854074430620     
           5           6   1.0327987946452246     
           5           7   1.3458978173043292     
           7           8  0.98199611879867055     
           8           9   1.2264897758979172     
           9          10  0.99621522476722701     
          10          11   1.2265347821701562     
          11          12  0.97285914621821856     
          12          13  0.98744131556934567     
          13          14   1.0090167399311554     
          14          15   1.0066464456380286     
          15          16   1.0071644212343311     
          11          17  0.94375889999268681     
          16          17   1.0038828525140757     
          10          18   1.2606218850164073     
          18          19  0.90309610629031267     
          19          20   1.2185018334043665     
          20          21   1.0726188243950017     
          21          22  0.97363534535339724     
          20          23   1.4691748656259103     
          23          24   1.2736094328069729     
          24          25   1.2825277676152016     
          25          26   1.5511025558303173     
          26          27   1.3258930405611442     
          25          28  0.11630542273769198     
          27          28   1.5467032392395073     
          24          29   1.2533113867369905     
          28          29   1.2898029382758835     
          19          30   1.4765568929570136     
          29          30   1.2198120974530229     
          30          31   1.0368957189350114     
          31          32   1.4769069885860768     
          32          33   1.2247066872593266     
          33          34   1.0623650027468257     
          34          35  0.96639021559896476     
          33          36   1.4724404137889193     
          36          37   1.2736376712926467     
          37          38   1.2831062629991370     
          38          39   1.5507983759062673     
          39          40   1.3259735375789423     
          38          41  0.11616537893444114     
          40          41   1.5464916913758187     
          31          42   1.2205861579691399     
          37          42   1.2512650347449525     
          41          42   1.2908939240074468     
          10          43   1.2859436814522687     
          32          43  0.90281274574796411     
           7          44   1.3691476465516654     
          44          45   1.0313231489910599     
           3          46   1.3546169664874315     
          44          46   1.4181316640201678     
           1          47  0.97804248627284673     
           1          48  0.97590335835382935     
           1          49  0.97630919574159436     
           4          50  0.96261691334281441     
           6          51  0.94430021684949839     
           6          52  0.96636697358545220     
           6          53  0.97919208519516454     
          12          54  0.96940663712455555     
          12          55  0.95356508605510282     
          13          56  0.97559905884504450     
          13          57  0.97616146122571867     
          14          58  0.96931688339143263     
          14          59  0.97578632699218959     
          15          60  0.97697209901119275     
          15          61  0.97672713783150700     
          16          62  0.97140731256926904     
          16          63  0.96896028189365424     
          17          64  0.96734041771427748     
          17          65  0.96057248975451381     
          22          66  0.97556110577814015     
          22          67  0.97756876863034725     
          22          68  0.97626334974044382     
          23          69  0.96017440981163449     
          25          70  0.96677812158646914     
          26          71  0.96895858521441358     
          27          72  0.96921524626385092     
          28          73  0.96489248783327808     
          35          74  0.97600798429457070     
          35          75  0.97794504824774053     
          35          76  0.97557430819091950     
          36          77  0.96024031867413751     
          38          78  0.96648803401218941     
          39          79  0.96878329504155714     
          40          80  0.96916886567680760     
          41          81  0.96434142654914767     
          45          82  0.98283985415970831     
          45          83  0.96096864926987424     
          45          84  0.96461917753140269     
          46          85  0.96125568077866586     
