   -0.03386581
   -0.12709696
    0.05160435
   -0.04624219
   -0.03376880
    0.01325962
   -0.03034338
   -0.02061718
   -0.02136706
   -0.03173452
    0.01114928
   -0.00703449
   -0.01301777
    0.05420651
   -0.05078296
   -0.03370679
    0.01097299
   -0.03127441
   -0.02262086
   -0.02265487
   -0.03352275
    0.01124710
   -0.11500285
   -0.04147848
    0.27730918
   -0.06189898
   -0.04119212
    0.03036476
   -0.03236185
   -0.04457336
    0.18022656
   -0.19695528
   -0.04398141
   -0.02972347
   -0.13030276
   -0.04792921
    0.08465085
   -0.12558886
   -0.12503680
   -0.12493280
    0.05868855
    0.06206970
    0.06046568
    0.03821119
    0.05416147
    0.05004802
    0.05391388
    0.05102702
    0.04109488
    0.04950110
    0.05353574
    0.04863991
    0.05149461
    0.04824482
    0.03653918
    0.07214566
    0.07537960
    0.06517858
    0.06092840
    0.07610119
    0.08276476
    0.06633556
    0.06163679
    0.07094472
    0.06977258
    0.06763215
    0.05097255
    0.05038753
    0.05536246
    0.06054445
    0.07352702
    0.06767998
    0.05192411
    0.05876398
