           1           2  0.97656259705638793     
           2           3  0.94721924189693929     
           3           4   1.2877198831292003     
           4           5   1.5565512009584634     
           5           6   1.2728693176952892     
           6           7   1.2826733829810273     
           7           8   1.5526431914561847     
           8           9   1.3239616045762597     
           7          10  0.11684725402518183     
           9          10   1.5509418041213670     
           6          11   1.2518920269465237     
          10          11   1.2860106225309211     
           3          12   1.4517763822698173     
           5          12  0.10482109151827505     
          11          12   1.2340803344701137     
          12          13   1.0291171844829918     
          13          14   1.4472854296333251     
          14          15   1.2826560069884132     
          13          16  0.10543565587913997     
          15          16   1.5549780508764013     
          16          17   1.2718924693667606     
          17          18   1.2807082262469984     
          18          19   1.5541552142215354     
          19          20   1.3229601407371936     
          18          21  0.11727213694920183     
          20          21   1.5525214289180582     
          13          22   1.2351959222958224     
          17          22   1.2530443999614980     
          21          22   1.2839712942280264     
          14          23  0.99420493061171278     
          23          24  0.96933450691163070     
           2          25   1.2172848541323578     
          23          25   1.2130834386157092     
          25          26  0.96570621327291828     
          26          27   1.1542018025404559     
          27          28  0.98374177698266330     
          28          29   1.4036574639361044     
          29          30   1.4449407803325087     
          30          31   1.3877039488557259     
          31          32  0.98500173743061092     
          29          33  0.10612572094866558     
          31          33   1.3827396253768724     
          28          34   1.4018641401158425     
          30          34  0.10689668337654350     
          33          34   1.4501029029725885     
          25          35   1.2532115122224927     
          35          36  0.97017244848024775     
          35          37  0.92226020988547774     
          37          38  0.99534489618840283     
          37          39  0.99809147027154943     
          37          40  0.99419159806302648     
           1          41  0.96825454206029182     
           1          42  0.97525854310137983     
           1          43  0.97658172844535995     
           4          44  0.96134270542825995     
           5          45  0.96614327379918818     
           7          46  0.96679860134951989     
           8          47  0.96902863974017173     
           9          48  0.96933408461318304     
          10          49  0.96534093677687571     
          15          50  0.96240469175052001     
          16          51  0.96621253873020785     
          18          52  0.96694076793857753     
          19          53  0.96927735158597905     
          20          54  0.96959960247864618     
          21          55  0.96543175744132959     
          24          56  0.96232017723447738     
          24          57  0.97688270221377016     
          24          58  0.97023713573151849     
          29          59  0.96145258339327688     
          30          60  0.96357307527107428     
          33          61  0.96240499685095615     
          34          62  0.96562335865494420     
          36          63  0.97601954725971618     
          36          64  0.97268190680570032     
          36          65  0.96372428196618720     
          38          66  0.97946621500247522     
          38          67  0.98170983552014479     
          38          68  0.97305961814337127     
          39          69  0.97381476161525715     
          39          70  0.94226396224748799     
          39          71  0.97581423535094636     
          40          72  0.97838093754278455     
          40          73  0.98246007385476031     
          40          74  0.98193506228905891     
