    0.02771329
   -0.24546066
    0.15242434
   -0.06473006
   -0.02987162
    0.02377315
   -0.02785522
   -0.06668034
    0.58684189
   -0.17725526
    0.04301968
   -0.12086111
   -0.12683342
    0.08350190
   -0.13813193
   -0.12283487
   -0.12680140
   -0.25799256
    0.10858552
   -0.00100665
   -0.11359624
   -0.03851990
   -0.03782524
    0.01026398
   -0.01821895
    0.02527632
   -0.05793525
   -0.06431521
   -0.05939532
   -0.06518490
    0.00870833
   -0.04141113
   -0.04263101
   -0.00400142
   -0.10932627
    0.11444652
   -0.01944764
   -0.28285843
   -0.03355230
   -0.05271308
    0.07862947
    0.05312588
    0.04727483
    0.05399206
    0.04720521
    0.07111499
    0.04509560
    0.06655838
    0.05281317
    0.05125990
    0.06285720
    0.06165296
    0.07202458
    0.05890280
    0.06169767
    0.05038533
    0.06547257
    0.05694949
    0.04511526
    0.05708948
    0.07002947
    0.06536751
    0.04616861
    0.07045907
    0.06431400
    0.06191475
    0.05017633
    0.03567299
    0.06084948
    0.05780423
    0.03862367
    0.05153927
    0.05880167
    0.06048252
    0.05994233
    0.05907078
    0.06063454
    0.04684101
    0.05889929
    0.05619471
    0.06968944
