           1           2  0.97417134353064061     
           2           3   1.1040095912881411     
           3           4   1.3561643335250200     
           4           5   1.4464707885912107     
           5           6   1.4034960938059471     
           6           7  0.98675239772543111     
           7           8   1.1760058525243033     
           8           9  0.95466693667296298     
           9          10   1.2459565018936107     
          10          11  0.92889324788527805     
          11          12   1.0087724921491457     
          11          13   1.0046762352033407     
          10          14  0.92506398327328021     
          14          15  0.99861629203613322     
          14          16  0.99171491060977934     
          14          17  0.99717712245089329     
           9          18   1.2868014314958884     
          18          19  0.87904511452220446     
          19          20   1.3594786992840826     
          20          21   1.0296533114653286     
          20          22   1.4098055918851136     
          22          23   1.4360129341529617     
          20          24  0.10232092470059796     
          23          24   1.4274687774336301     
          19          25   1.3988041324704956     
          22          25  0.10438598282404422     
          24          25   1.3556697955588535     
          25          26  0.99187617048646881     
          26          27  0.95500850590054553     
          24          28   1.0154191377861745     
          27          28   1.0023244000500193     
          26          29  0.95790073226943795     
          29          30   1.0025893075269150     
          30          31   1.0153948328811537     
          31          32   1.4344325726752760     
          32          33   1.4262484021503099     
          31          34  0.10198391265718515     
          33          34   1.4201530651871930     
          34          35   1.0264630033092477     
          34          36   1.3541795431103110     
          26          37  0.98788955301890691     
          31          37   1.3489070798239755     
          33          37  0.10333448754460568     
          36          37   1.4012488841272546     
           9          38   1.2494373928100126     
          36          38  0.88244514376931493     
           6          39   1.3764251271491705     
           3          40   1.3244859558911999     
           5          40  0.10068404740426574     
          39          40   1.4868144074766867     
           1          41  0.97782659126615257     
           1          42  0.97591977945456976     
           1          43  0.97611157034912033     
           4          44  0.96360460078919696     
           5          45  0.96417419585462127     
          11          46  0.94986621582799224     
          12          47  0.98265239168506935     
          12          48  0.97883785777114696     
          12          49  0.97448080588694619     
          13          50  0.97982907546315456     
          13          51  0.97931748522264961     
          13          52  0.98079902038304290     
          15          53  0.97538925508277841     
          15          54  0.95974007166926811     
          15          55  0.97019670113518608     
          16          56  0.97759900682757117     
          16          57  0.97830694247537597     
          16          58  0.97700380219160177     
          17          59  0.98063077136116905     
          17          60  0.98047109186259240     
          17          61  0.97863199845795656     
          21          62  0.97497280467711001     
          21          63  0.97347135323452494     
          21          64  0.96097552034979239     
          22          65  0.96635502141720564     
          23          66  0.96620914897032784     
          27          67  0.97720952423136853     
          27          68  0.97522316672256215     
          28          69  0.95659331416790705     
          28          70  0.96625503410576119     
          29          71  0.97838724539341493     
          29          72  0.97732564780117781     
          30          73  0.96497786696357923     
          30          74  0.95666417085038191     
          32          75  0.96625166828284215     
          33          76  0.96601066775575295     
          35          77  0.97780223306136005     
          35          78  0.97544405068591122     
          35          79  0.95654165463022012     
          39          80  0.96504055806568267     
          40          81  0.96423733472965945     
