   -0.03087246
   -0.13282587
    0.05069946
   -0.04914935
   -0.03485219
    0.01248773
   -0.03051992
   -0.02128738
   -0.02183644
   -0.03169665
    0.01087459
   -0.00822044
   -0.01010642
    0.05440891
   -0.04761342
   -0.03272908
    0.01209195
   -0.03105324
   -0.02315297
   -0.02368769
   -0.03321646
    0.01165421
   -0.11890678
   -0.04154555
    0.29347583
   -0.04710643
   -0.05661039
    0.03827525
   -0.03199953
   -0.02356454
   -0.02257204
   -0.02363116
   -0.03104359
   -0.14513420
   -0.03789385
    0.07830929
   -0.11249775
   -0.11686936
   -0.00730237
   -0.03510491
   -0.02459736
   -0.02247405
   -0.02511681
   -0.03431620
    0.05732975
    0.06189096
    0.05781460
    0.03550197
    0.05253724
    0.04872256
    0.05235819
    0.04965407
    0.04064855
    0.04908416
    0.05380275
    0.04802609
    0.04986591
    0.04627841
    0.03625651
    0.07725539
    0.07202495
    0.05894304
    0.04828637
    0.05212610
    0.05781869
    0.05767055
    0.05183279
    0.06474865
    0.07165514
    0.05329347
    0.04327746
    0.06399476
    0.04366849
    0.05568339
    0.06440925
    0.05574374
    0.04428310
    0.05031347
    0.05228760
    0.04665049
    0.03309106
