           1           2  0.97521313361468476     
           2           3  0.95670621625014307     
           3           4   1.2867981014159779     
           4           5   1.5577028835349971     
           5           6   1.2720271043949034     
           6           7   1.2823535942262521     
           7           8   1.5528852677067424     
           8           9   1.3241887694950072     
           7          10  0.11705048240641985     
           9          10   1.5508294185908484     
           6          11   1.2533847165906959     
          10          11   1.2862367945183080     
           3          12   1.4571095734472823     
           5          12  0.10429434650780971     
          11          12   1.2320763900583322     
          12          13   1.0324830909571587     
          13          14   1.4549988862030114     
          14          15   1.2831105427232514     
          13          16  0.10428248437937254     
          15          16   1.5597418853877878     
          16          17   1.2693119660782377     
          17          18   1.2817165684079010     
          18          19   1.5528286779262197     
          19          20   1.3245134316828238     
          18          21  0.11719078782912762     
          20          21   1.5508234362898767     
          13          22   1.2308351189646969     
          17          22   1.2535857133273447     
          21          22   1.2857345382452945     
          14          23  0.98332336373509666     
          23          24  0.96845491692406371     
           2          25   1.2009842437185958     
          23          25   1.2239078446391820     
          25          26   1.0290188321103813     
          26          27   1.1350252386111319     
          27          28  0.97785331617693927     
          28          29   1.4055877219939914     
          29          30   1.4380820547445543     
          28          31  0.10270526684194070     
          30          31   1.4387900435760261     
          29          32  0.10859887252792516     
          31          32   1.4325191957242542     
          28          33   1.4044577058355410     
          30          33  0.10965092955637884     
          32          33   1.4438802040746421     
          25          34   1.2127971994456186     
          34          35  0.96999985715675974     
          34          36  0.92021960210913256     
          36          37  0.99599880169850030     
          36          38  0.98555327387901537     
          36          39  0.97565282077292204     
          39          40   1.4009682292331009     
          40          41   1.4364971558124890     
          39          42  0.10629279907517401     
          41          42   1.4448036638380384     
          40          43  0.10621963520158244     
          42          43   1.4274986955978133     
          39          44   1.3903736687307300     
          41          44  0.11011044267205092     
          43          44   1.4563079030618578     
           1          45  0.96544629802824500     
           1          46  0.97635110724211760     
           1          47  0.97462973499714822     
           4          48  0.96195261215367711     
           5          49  0.96629927194259879     
           7          50  0.96693756885101445     
           8          51  0.96919144241219124     
           9          52  0.96947484819287910     
          10          53  0.96527718639601934     
          15          54  0.96350937825299854     
          16          55  0.96617450806160687     
          18          56  0.96701929148387511     
          19          57  0.96944247820374629     
          20          58  0.96979410749403183     
          21          59  0.96554243078746915     
          24          60  0.97697601831936898     
          24          61  0.96672513897393597     
          24          62  0.97403707274857232     
          29          63  0.96380853558124979     
          30          64  0.96808376070075963     
          31          65  0.96882910642871778     
          32          66  0.96743284866762469     
          33          67  0.96676468139394744     
          35          68  0.96106863356867667     
          35          69  0.97349082972233714     
          35          70  0.97427348228336652     
          37          71  0.97831167963414412     
          37          72  0.97880287160705504     
          37          73  0.96593288780151587     
          38          74  0.98029878708787255     
          38          75  0.97847409823428610     
          38          76  0.98072756162672980     
          40          77  0.96563351745833859     
          41          78  0.96944544583049963     
          42          79  0.96967326509219220     
          43          80  0.96970787280936288     
          44          81  0.96301983730034468     
