   -0.04182111
   -0.11517684
    0.05429285
   -0.05053605
   -0.03366762
    0.01117762
   -0.03147223
   -0.02296657
   -0.02298708
   -0.03356387
    0.01144209
   -0.01278536
   -0.00704469
    0.05151745
   -0.04631196
   -0.03379436
    0.01325221
   -0.03036390
   -0.02062802
   -0.02138237
   -0.03173710
    0.01110973
   -0.12683143
   -0.03405290
    0.27740376
   -0.05709082
   -0.03636757
    0.03654249
   -0.03970930
   -0.02272143
   -0.04365231
    0.17842939
   -0.19975180
   -0.05303605
   -0.12996533
   -0.04809102
    0.08456728
   -0.12529558
   -0.12499717
   -0.12558544
    0.07237402
    0.06522023
    0.07543916
    0.04966767
    0.05333820
    0.04843732
    0.05108464
    0.04781976
    0.03653326
    0.03870074
    0.05432392
    0.05013617
    0.05397246
    0.05104532
    0.04102758
    0.05856005
    0.06356171
    0.06038199
    0.05826720
    0.06543941
    0.08178663
    0.07525482
    0.07093623
    0.06971400
    0.06189049
    0.06104024
    0.07417396
    0.05586812
    0.05188823
    0.05870597
    0.06785957
    0.05104235
    0.06797783
    0.05018316
