           1           2  0.96946511192052143     
           2           3  0.99405869097556399     
           3           4   1.2830409437837331     
           4           5   1.5551509357319173     
           5           6   1.2719539255042160     
           6           7   1.2808264251684940     
           7           8   1.5541089622889430     
           8           9   1.3230367830955170     
           7          10  0.11731881708863788     
           9          10   1.5525282884917941     
           6          11   1.2532837045945509     
          10          11   1.2839828411261067     
           3          12   1.4476006412414633     
           5          12  0.10530108035636677     
          11          12   1.2352289879622573     
          12          13   1.0290655147511916     
          13          14   1.4519384924231855     
          14          15   1.2876974601543412     
          13          16  0.10482227140023330     
          15          16   1.5566067853358458     
          16          17   1.2727864017682187     
          17          18   1.2827172293987199     
          18          19   1.5526093355995096     
          19          20   1.3239871305713011     
          18          21  0.11684118075287812     
          20          21   1.5509206528285797     
          13          22   1.2340306790901139     
          17          22   1.2519299601190554     
          21          22   1.2860175727463083     
          14          23  0.94719097338080438     
          23          24  0.97592780633908460     
           2          25   1.2127938434397398     
          23          25   1.2200664645055097     
          25          26  0.96412453049080904     
          26          27   1.1586710807301046     
          27          28  0.98341948723994010     
          28          29   1.4064398882987099     
          29          30   1.4332499461505441     
          28          31  0.10111026321910022     
          30          31   1.4437089703203989     
          31          32   1.3845209489598709     
          32          33  0.98102577998153573     
          28          34   1.4072023904089515     
          30          34  0.10793455100724271     
          32          34   1.3932433590872901     
          25          35   1.2551388602500682     
          35          36  0.97014418005776393     
          35          37  0.92177679640557875     
          37          38  0.99810469618893127     
          37          39  0.99419997321183451     
          37          40  0.99538703593526501     
           1          41  0.96241999233001962     
           1          42  0.97012728202179321     
           1          43  0.97686330437106816     
           4          44  0.96233053363636079     
           5          45  0.96621086215267571     
           7          46  0.96695929549204629     
           8          47  0.96932011980841071     
           9          48  0.96964262862447981     
          10          49  0.96541074856382236     
          15          50  0.96136431899044517     
          16          51  0.96612271988755993     
          18          52  0.96679110997566886     
          19          53  0.96902262460643129     
          20          54  0.96933024949763058     
          21          55  0.96537927993614692     
          24          56  0.97703476646032617     
          24          57  0.97549593371847310     
          24          58  0.96771939827416009     
          29          59  0.96228651340270099     
          30          60  0.96651390746229016     
          31          61  0.96372834143313746     
          34          62  0.96224293393964344     
          36          63  0.97269380178281439     
          36          64  0.96380319655593050     
          36          65  0.97601969687675805     
          38          66  0.94218999374241652     
          38          67  0.97551283387246368     
          38          68  0.97339059202882749     
          39          69  0.98246657047594799     
          39          70  0.98191486441294096     
          39          71  0.97833778338739341     
          40          72  0.98171096887382148     
          40          73  0.97939924928767808     
          40          74  0.97335427853101553     
