   -0.12230595
    0.04900163
   -0.11827989
   -0.13581046
    0.08709090
   -0.12980759
   -0.12269061
   -0.13178375
    0.26963711
   -0.05641495
   -0.03604947
    0.03902850
   -0.03030114
   -0.01672752
   -0.01883616
   -0.02040923
   -0.02942358
    0.49067382
   -0.19347766
   -0.19254203
   -0.21877834
   -0.11370051
   -0.04010508
    0.05030164
   -0.04331122
   -0.02966694
    0.01462572
   -0.02918092
   -0.02250892
   -0.02433696
   -0.03440245
    0.01152813
   -0.00607202
   -0.00875952
    0.05135574
   -0.05123079
   -0.03299408
    0.01322137
   -0.03036471
   -0.02172515
   -0.02227171
   -0.03290836
    0.01184301
   -0.12634313
   -0.03412565
    0.04631321
    0.06592871
    0.05823371
    0.05429358
    0.05677741
    0.05783570
    0.04949424
    0.07266593
    0.05839952
    0.06045567
    0.06624826
    0.05421168
    0.05645195
    0.05940653
    0.06625459
    0.06064303
    0.06466728
    0.06971068
    0.07500704
    0.08162120
    0.06416909
    0.06656726
    0.06944702
    0.04475031
    0.05810146
    0.05127899
    0.05203550
    0.04670726
    0.03738011
    0.03896361
    0.05326088
    0.04869832
    0.05180657
    0.04875659
    0.03902027
    0.05867617
    0.05997684
    0.06512276
