           1           2   1.0000272805449231     
           2           3   1.0056390561944613     
           2           4  0.93256511342338477     
           4           5  0.91593383627181935     
           5           6  0.99624445536994621     
           5           7  0.99464117392606954     
           5           8  0.99550973907707041     
           4           9   1.2667174787039377     
           9          10  0.91870330838181757     
          10          11   1.1890311997966905     
          11          12  0.99853387680185834     
          12          13   1.3937718675879349     
          13          14   1.4451670402873129     
          12          15  0.10123090672119814     
          14          15   1.4302761090267435     
          13          16  0.10542865096112032     
          15          16   1.4393168826790006     
          12          17   1.3785573671107805     
          14          17  0.10368328716947693     
          16          17   1.4112194067569703     
          17          18  0.94918934444170910     
          18          19  0.95686354716410504     
          18          20  0.96329886451553171     
          18          21  0.92352780465166007     
           9          22   1.2486384424851689     
          22          23  0.97199162235663439     
          22          24  0.95856107196503815     
          24          25   1.2911344539717824     
          25          26   1.5524740576691411     
          26          27   1.2732392449483125     
          27          28   1.2808269339073217     
          28          29   1.5545234925837865     
          29          30   1.3231784458703335     
          28          31  0.11712386397550942     
          30          31   1.5500785126071930     
          27          32   1.2536215129884873     
          31          32   1.2823306256907487     
          24          33   1.4569424812353013     
          26          33  0.10638428653180178     
          32          33   1.2336939788252252     
          33          34   1.0329425414491131     
          34          35   1.4571932406110668     
          35          36   1.2859203787308662     
          34          37  0.10561622210380457     
          36          37   1.5555220612767566     
          37          38   1.2744377571215508     
          38          39   1.2801968594938469     
          39          40   1.5547222238187266     
          40          41   1.3229714996101851     
          39          42  0.11741850916331475     
          41          42   1.5521952030589274     
          34          43   1.2320872297855814     
          38          43   1.2539816279733862     
          42          43   1.2849588106354402     
           9          44   1.2171914260231347     
          35          44  0.97303599045606826     
          44          45  0.97450586607125067     
           1          46  0.97934538144117111     
           1          47  0.97935988223725934     
           1          48  0.98022879052735801     
           2          49  0.93443213538460590     
           3          50  0.98017195277978120     
           3          51  0.97611904284032880     
           3          52  0.97906166183972110     
           6          53  0.97685108924783570     
           6          54  0.97815285752297543     
           6          55  0.93843094504067359     
           7          56  0.97736069391703717     
           7          57  0.98102880724487818     
           7          58  0.97538845311941480     
           8          59  0.95982399213952629     
           8          60  0.97862251736273276     
           8          61  0.97824653434673348     
          13          62  0.95935603463847596     
          14          63  0.96579887834291933     
          15          64  0.96604384963997303     
          16          65  0.96226417421952859     
          23          66  0.97630115713360843     
          23          67  0.97564182322515935     
          23          68  0.96473072417555883     
          25          69  0.96409776506429457     
          26          70  0.96575423347761014     
          28          71  0.96671530624919999     
          29          72  0.96921136432442501     
          30          73  0.96973794235457855     
          31          74  0.96548158186142352     
          36          75  0.96133021716210876     
          37          76  0.96609799569757526     
          39          77  0.96690987215627222     
          40          78  0.96922390717960016     
          41          79  0.96956306889236721     
          42          80  0.96482144484515819     
          45          81  0.97725657009915434     
          45          82  0.97092408412895248     
          45          83  0.96229403319396345     
