   -0.12321108
    0.04636120
   -0.12834142
   -0.14395538
    0.04269730
   -0.06551213
   -0.05698043
   -0.06731998
    0.01226570
   -0.03611166
   -0.02644459
   -0.03368380
   -0.04129023
   -0.01203693
    0.29514060
   -0.05357329
   -0.05452990
    0.03722238
   -0.03309716
   -0.02371499
   -0.02294965
   -0.02380028
   -0.03127901
   -0.13136724
   -0.03000107
    0.05131186
   -0.05063567
   -0.03423349
    0.01277736
   -0.03067377
   -0.02177635
   -0.02240674
   -0.03159482
    0.01174548
   -0.00785211
   -0.00888006
    0.05427237
   -0.04663106
   -0.03311257
    0.01207278
   -0.03125064
   -0.02323116
   -0.02393726
   -0.03299848
    0.01151839
   -0.12079339
   -0.04112144
    0.06751318
    0.04741086
    0.05329816
    0.06450695
    0.06653546
    0.05866946
    0.06044656
    0.05056337
    0.04671588
    0.03631710
    0.03822359
    0.04879924
    0.05503042
    0.05369018
    0.04703697
    0.04899038
    0.03881838
    0.02418694
    0.04619599
    0.05172545
    0.05716390
    0.05720229
    0.05189048
    0.05992184
    0.05674449
    0.06315870
    0.04316122
    0.05208720
    0.04778209
    0.05125977
    0.04853898
    0.03960704
    0.04663946
    0.05306257
    0.04757547
    0.04941935
    0.04562843
    0.03612382
    0.07255704
    0.05656323
    0.07218194
