           1           2   1.0067671701516887     
           2           3   1.0058285630203145     
           2           4  0.93809426617506508     
           4           5  0.92782183553376607     
           5           6  0.98868677240930791     
           6           7   1.0033686846762750     
           7           8   1.0074723602057658     
           8           9   1.0138914380646065     
           9          10   1.4031671072457450     
          10          11   1.4558134687455486     
           9          12  0.10570958678916953     
          11          12   1.4239491368414832     
          10          13  0.10948300359845255     
          12          13   1.4510491911180796     
           5          14  0.98575943483933548     
           9          14   1.3938556417136052     
          11          14  0.10623022423228638     
          13          14   1.4024049524572493     
           4          15   1.2580951291447338     
          15          16  0.99862790309523697     
          16          17   1.1541222894200756     
          17          18  0.97898295279259473     
          18          19   1.4047394813845819     
          19          20   1.4377537326735306     
          18          21  0.10260898766908196     
          20          21   1.4388012457231250     
          19          22  0.10874284270951765     
          21          22   1.4327513139107619     
          18          23   1.4053041206591805     
          20          23  0.10995870322520168     
          22          23   1.4436332367135796     
          15          24   1.2265920426977894     
          24          25  0.97220109239149510     
          24          26  0.96026272692253067     
          26          27   1.2787463166589998     
          27          28   1.5596923729425154     
          28          29   1.2703666199711807     
          29          30   1.2823291435247324     
          30          31   1.5525716943654815     
          31          32   1.3250419471249866     
          30          33  0.11715927460400939     
          32          33   1.5498910127972958     
          29          34   1.2557069671853889     
          33          34   1.2875072067679336     
          26          35   1.4635234589483799     
          28          35  0.10332705714839496     
          34          35   1.2271419786216198     
          35          36   1.0343278078831626     
          36          37   1.4585572259313626     
          37          38   1.2824156628435035     
          36          39  0.10332136272999710     
          38          39   1.5616141938850778     
          39          40   1.2684046693645610     
          40          41   1.2818297643908794     
          41          42   1.5522159789398480     
          42          43   1.3251613752195679     
          41          44  0.11720894876596509     
          43          44   1.5501517398595541     
          36          45   1.2279582232969570     
          40          45   1.2540130725205345     
          44          45   1.2862159713284704     
          15          46   1.2168151212991802     
          37          46  0.97799302334247851     
          46          47  0.97268234068145620     
           1          48  0.97869512177070161     
           1          49  0.98014424470810491     
           1          50  0.97314962224604751     
           2          51  0.95392210044893289     
           3          52  0.97793255521112143     
           3          53  0.97554291687312555     
           3          54  0.95908878383508356     
           5          55  0.92101858260404990     
           6          56  0.97062130561584647     
           6          57  0.97152955552183551     
           7          58  0.97721733284234269     
           7          59  0.97526146853004625     
           8          60  0.96724077226208571     
           8          61  0.95626816746261811     
          10          62  0.96784806341787022     
          11          63  0.96963708719268027     
          12          64  0.97044564167051528     
          13          65  0.95468196010007744     
          19          66  0.96348540849325581     
          20          67  0.96808513160079168     
          21          68  0.96886021405447753     
          22          69  0.96743752068639521     
          23          70  0.96631426765109396     
          25          71  0.96670783635189284     
          25          72  0.97669704541909264     
          25          73  0.97239758816271693     
          27          74  0.95973188984132185     
          28          75  0.96619680015777210     
          30          76  0.96702958979935372     
          31          77  0.96928774689201780     
          32          78  0.96959262194326601     
          33          79  0.96513007051474831     
          38          80  0.96252286585296787     
          39          81  0.96626604794807092     
          41          82  0.96708164155224696     
          42          83  0.96948693102548100     
          43          84  0.96984179985225427     
          44          85  0.96559016579856927     
          47          86  0.95978079553360851     
          47          87  0.97317803145719406     
          47          88  0.97748436937619698     
