   -0.10634574
   -0.01230536
   -0.10244719
    0.00754581
   -0.03438106
   -0.02670467
   -0.02942231
   -0.03612385
    0.02549833
   -0.05695336
   -0.07729864
    0.32238601
   -0.14871231
    0.03904452
   -0.12663194
   -0.12647854
    0.08617500
   -0.12846158
   -0.11939490
   -0.12316533
   -0.13095759
   -0.03902752
    0.05287102
   -0.04820414
   -0.03102134
    0.01449312
   -0.02942596
   -0.02350250
   -0.02378601
   -0.03178480
    0.01357182
   -0.00857557
   -0.01057315
    0.05367705
   -0.05293960
   -0.03393645
    0.01174503
   -0.03097060
   -0.02253126
   -0.02261959
   -0.03188283
    0.01194089
   -0.13093358
   -0.02642528
    0.04312946
    0.04916728
    0.03140280
    0.03437330
    0.04640875
    0.03503141
    0.04801554
    0.05702812
    0.05325714
    0.05189580
    0.04520270
    0.07101572
    0.05579650
    0.04940822
    0.06345579
    0.06954435
    0.06007568
    0.05396197
    0.05650582
    0.06449111
    0.05832379
    0.04070580
    0.06293058
    0.05184438
    0.04828506
    0.05571316
    0.06659523
    0.07410841
    0.06841446
    0.05413319
    0.04352328
    0.05338538
    0.04796406
    0.04854258
    0.04333080
    0.03682659
    0.03839553
    0.05179629
    0.04712474
    0.05006264
    0.04743494
    0.03842718
    0.06925124
    0.06130261
    0.04738656
