           1           2   1.0065368167521840     
           2           3  0.98628682052503891     
           2           4   1.0038590313859426     
           4           5   1.4065901510596952     
           5           6   1.4451741448708357     
           4           7  0.10372446489027179     
           6           7   1.4280927164901607     
           5           8  0.10729224732842144     
           7           8   1.4424569388541144     
           4           9   1.3674277010039932     
           8           9   1.4067599428333519     
           9          10  0.97848804580823123     
          10          11   1.1683272780700118     
          11          12  0.96851223915425744     
          12          13   1.2604386442107449     
          13          14  0.93412054161895430     
          14          15   1.0049730322808688     
          14          16   1.0079211885392172     
          13          17  0.90846779005544831     
          17          18  0.99952917613256509     
          17          19  0.99636326164162958     
          17          20  0.99258753011533563     
          12          21   1.1844276317230116     
          21          22  0.97140501160034942     
          21          23  0.97033132555530410     
          23          24   1.2856358171003675     
          24          25   1.5537069979267717     
          25          26   1.2749574590382673     
          26          27   1.2787541028128289     
          27          28   1.5558296247350325     
          28          29   1.3204223578720042     
          27          30  0.11771958810517466     
          29          30   1.5523996616891724     
          26          31   1.2544623115156086     
          30          31   1.2821619209385835     
          23          32   1.4541177486325287     
          25          32  0.10622946169181635     
          31          32   1.2320175897392918     
          32          33   1.0326022863288560     
          33          34   1.4459722167278237     
          34          35   1.2752295535148250     
          33          36  0.10533885726122655     
          35          36   1.5571131724896743     
          36          37   1.2731472061547267     
          37          38   1.2802528488593017     
          38          39   1.5547930425373619     
          39          40   1.3226106060867917     
          38          41  0.11740964464487422     
          40          41   1.5528408869064210     
          33          42   1.2329384513106696     
          37          42   1.2545816915037848     
          41          42   1.2837792299929298     
          12          43   1.1834475589253457     
          34          43  0.98551345656120370     
          43          44  0.97424083321204602     
           1          45  0.98420498572670456     
           1          46  0.98270840484813982     
           1          47  0.98583447232378596     
           2          48  0.95079086658305212     
           3          49  0.98033244667868691     
           3          50  0.98152801728090555     
           3          51  0.98607504617508734     
           5          52  0.96256517467133385     
           6          53  0.96891677168249557     
           7          54  0.96785761012683003     
           8          55  0.96382144671904924     
          14          56  0.94999660129743391     
          15          57  0.97021044292219449     
          15          58  0.97940372751145033     
          15          59  0.97998000368357652     
          16          60  0.97792062033774740     
          16          61  0.95798267288666072     
          16          62  0.98126690214827361     
          18          63  0.94646324425860862     
          18          64  0.97660826358293562     
          18          65  0.97490275942180293     
          19          66  0.97816836118767192     
          19          67  0.97913855252072612     
          19          68  0.98033577418820816     
          20          69  0.97933960127253705     
          20          70  0.97704650129548332     
          20          71  0.97739006797179817     
          22          72  0.97764784157145312     
          22          73  0.96403087638964857     
          22          74  0.97166982781632938     
          24          75  0.96270029800218870     
          25          76  0.96623650084605117     
          27          77  0.96699525918155760     
          28          78  0.96954620100269051     
          29          79  0.96995483194662357     
          30          80  0.96408837438662409     
          35          81  0.96329710158169179     
          36          82  0.96623333013244417     
          38          83  0.96712733268357742     
          39          84  0.96943104715343176     
          40          85  0.96966619241832341     
          41          86  0.96556176815113548     
          44          87  0.97564603754793811     
          44          88  0.96136325481815832     
          44          89  0.97090951208730780     
