    0.02756893
   -0.24117375
    0.15485554
   -0.06575916
   -0.03448228
    0.02228300
   -0.05463625
   -0.06496207
    0.27636131
   -0.13205810
   -0.04718151
    0.08471308
   -0.12491979
   -0.12435457
   -0.12544282
   -0.11589820
   -0.04073827
    0.05647520
   -0.04915081
   -0.03298430
    0.01126201
   -0.03139682
   -0.02425206
   -0.02435777
   -0.03392503
    0.01156613
   -0.01304268
   -0.00720999
    0.05221081
   -0.04612613
   -0.03427030
    0.01282348
   -0.03066974
   -0.02118625
   -0.02185539
   -0.03181502
    0.01091851
   -0.12652312
   -0.03289104
   -0.03093281
   -0.05153515
    0.08046082
    0.04731271
    0.05328837
    0.05033577
    0.04878841
    0.06032547
    0.06960709
    0.06920506
    0.06105809
    0.05435111
    0.07212935
    0.05127063
    0.05792754
    0.06671746
    0.05010424
    0.05110560
    0.06666727
    0.06529567
    0.07401266
    0.07167183
    0.05024818
    0.05283015
    0.04738319
    0.04867463
    0.04511740
    0.03526303
    0.03788944
    0.05294175
    0.04901266
    0.05272168
    0.04995535
    0.04061952
    0.05948847
    0.05935032
    0.06116980
    0.05840933
    0.07198315
