           1           2  0.97345585463050655     
           2           3   1.1106946749867284     
           3           4   1.3538553603280397     
           4           5   1.4481473988189681     
           5           6   1.4041152640551471     
           6           7  0.98880713489937977     
           7           8   1.1396839056561996     
           8           9  0.98245788816128587     
           9          10   1.2482584517916449     
          10          11  0.97124699919806634     
          10          12  0.92348067794185595     
          12          13  0.99795791502853559     
          12          14  0.99429601760881137     
          12          15  0.99528500096409944     
           9          16   1.2060381022093056     
          16          17  0.96961366285339989     
          16          18  0.99759896054296704     
          18          19   1.2821549729670241     
          19          20   1.5562442945625412     
          20          21   1.2714155666945759     
          21          22   1.2806539981868104     
          22          23   1.5543699743277357     
          23          24   1.3229811169841177     
          22          25  0.11749172716836477     
          24          25   1.5529403500224561     
          21          26   1.2536422899157409     
          25          26   1.2835558213190275     
          18          27   1.4466242624366628     
          20          27  0.10583531456903662     
          26          27   1.2354978944732580     
          27          28   1.0286936727007900     
          28          29   1.4526496039654473     
          29          30   1.2877441846205653     
          28          31  0.10511877394726930     
          30          31   1.5568121092970162     
          31          32   1.2727740650430504     
          32          33   1.2825328169347747     
          33          34   1.5528820725440053     
          34          35   1.3239385988365950     
          33          36  0.11698169867505338     
          35          36   1.5511472711751839     
          28          37   1.2341370022075164     
          32          37   1.2522937112092321     
          36          37   1.2859044741083012     
           9          38   1.2148973168043782     
          29          38  0.95013035333428342     
          38          39  0.97648193506298864     
           6          40   1.3714560532132090     
           3          41   1.3202832224000134     
          40          41   1.4920073533752405     
           1          42  0.97761105266081427     
           1          43  0.97605900102823195     
           1          44  0.97577202235113480     
           4          45  0.96404535532512170     
           5          46  0.96312091248204112     
          11          47  0.97611948805927096     
          11          48  0.97296261777472415     
          11          49  0.96380726792067484     
          13          50  0.94332442130922800     
          13          51  0.97430510629832057     
          13          52  0.97626406812212452     
          14          53  0.98259135729065639     
          14          54  0.98207540083081590     
          14          55  0.97863151353054723     
          15          56  0.98183078553877723     
          15          57  0.97268655607715615     
          15          58  0.97968054021049467     
          17          59  0.97027875664197516     
          17          60  0.97711324922242693     
          17          61  0.96226477877741590     
          19          62  0.96237957402187813     
          20          63  0.96630154130432822     
          22          64  0.96707475180430080     
          23          65  0.96956159148563414     
          24          66  0.96989408246148279     
          25          67  0.96552913634437210     
          30          68  0.96146643536005549     
          31          69  0.96627492276052962     
          33          70  0.96690316445608326     
          34          71  0.96915771198625178     
          35          72  0.96944659289920165     
          36          73  0.96537773602574650     
          39          74  0.97634164903403331     
          39          75  0.97552156717207095     
          39          76  0.96776787911219087     
          40          77  0.96637063201273476     
          41          78  0.96393868882657385     
