   -0.12796699
    0.03734223
   -0.12958530
   -0.14903431
    0.08580848
   -0.12077226
   -0.12416721
   -0.12977194
    0.32834368
   -0.06859576
   -0.03686688
    0.04172715
   -0.02460525
   -0.01854215
   -0.01963067
   -0.01908795
    0.48786560
   -0.21448152
   -0.19172172
   -0.19849024
   -0.02811007
   -0.13515858
   -0.03169547
    0.05169073
   -0.05226105
   -0.03130298
    0.01366990
   -0.02985480
   -0.02184980
   -0.02207583
   -0.03209088
    0.01280716
   -0.01193337
   -0.01115343
    0.05058393
   -0.05054365
   -0.03179122
    0.01209451
   -0.03075281
   -0.02192439
   -0.02195423
   -0.03565764
    0.01015499
   -0.12170265
   -0.04210726
    0.07021956
    0.05392443
    0.05800134
    0.07373975
    0.05921003
    0.06678858
    0.05121111
    0.04169117
    0.06477924
    0.05231213
    0.04884763
    0.06813984
    0.05680030
    0.05710286
    0.05880951
    0.06639834
    0.07030182
    0.07618984
    0.08255882
    0.07032403
    0.05899871
    0.06731517
    0.05314408
    0.03958853
    0.05484481
    0.04890728
    0.05125685
    0.04815557
    0.03826574
    0.04418985
    0.05405040
    0.04828026
    0.05184355
    0.05383608
    0.04081696
    0.07636984
    0.05654276
    0.07139513
