           1           2   1.0079386240925403     
           2           3   1.0053470069187966     
           2           4  0.93340848171779878     
           4           5  0.90535964131081892     
           5           6  0.99683694770805664     
           5           7  0.99259766189395282     
           5           8  0.99969693986116537     
           4           9   1.2628091607848355     
           9          10  0.94369289218771679     
          10          11   1.1768313705401754     
          11          12  0.98596949958090208     
          12          13   1.4016565725356023     
          13          14   1.4464902566624127     
          12          15  0.10115198336871739     
          14          15   1.4291470431406894     
          13          16  0.10468307417236268     
          15          16   1.4188042215068035     
          16          17  0.94753305839102220     
          17          18  0.93175410742928988     
          17          19  0.96414905946616114     
          17          20  0.95195395198816724     
          12          21   1.4128934212775683     
          14          21  0.11018968167713904     
          16          21   1.4101090592894927     
           9          22   1.1856298929539610     
          22          23  0.97474110004834413     
          22          24  0.97985592577116165     
          24          25   1.2756252238545078     
          25          26   1.5563733220964957     
          26          27   1.2737632117378705     
          27          28   1.2802700360553483     
          28          29   1.5545571623227576     
          29          30   1.3231169438817827     
          28          31  0.11738425588938253     
          30          31   1.5519387850947006     
          27          32   1.2542558777282933     
          31          32   1.2852483870352394     
          24          33   1.4498683243608506     
          26          33  0.10563745450440840     
          32          33   1.2307213731846560     
          33          34   1.0309869704249404     
          34          35   1.4553390633517644     
          35          36   1.2835150658599854     
          34          37  0.10465710568354651     
          36          37   1.5559681474124147     
          37          38   1.2731943534650600     
          38          39   1.2798642884520346     
          39          40   1.5549034897283971     
          40          41   1.3225598871538005     
          39          42  0.11664186669280642     
          41          42   1.5499422299831349     
          34          43   1.2301645604373797     
          38          43   1.2537155496141565     
          42          43   1.2807241679108283     
           9          44   1.2027420935347699     
          35          44  0.97295423972783346     
          44          45  0.97034281215426699     
           1          46  0.97792278066471472     
           1          47  0.98117253699839635     
           1          48  0.96258105460815047     
           2          49  0.94931799212432355     
           3          50  0.96480730071382070     
           3          51  0.97902662070391333     
           3          52  0.97885860689815152     
           6          53  0.97725474050276517     
           6          54  0.97865988472935694     
           6          55  0.98036324877103831     
           7          56  0.97885042916830056     
           7          57  0.97689967812819767     
           7          58  0.97687821174978384     
           8          59  0.94533712427740157     
           8          60  0.97536471345243902     
           8          61  0.97615378655339291     
          13          62  0.96483143217438438     
          14          63  0.96483159103321281     
          15          64  0.96366514459875319     
          21          65  0.95558521011328457     
          23          66  0.96299057198888338     
          23          67  0.97636885430028064     
          23          68  0.96961813315266077     
          25          69  0.96337962514057063     
          26          70  0.96588747102471739     
          28          71  0.96692701043643015     
          29          72  0.96929386961726616     
          30          73  0.96962117716885143     
          31          74  0.96530285400675364     
          36          75  0.96266847938108657     
          37          76  0.96614586257003821     
          39          77  0.96694503589356362     
          40          78  0.96918397140475121     
          41          79  0.96898493148910958     
          42          80  0.96404877251092769     
          45          81  0.97692320960308232     
          45          82  0.97266907189949303     
          45          83  0.96272973654698113     
