   -0.12231219
    0.03706645
   -0.00492436
   -0.03671374
   -0.02728503
   -0.02666882
   -0.02671798
   -0.03676943
   -0.13718312
    0.04348801
   -0.11569079
   -0.00669174
   -0.03356862
   -0.02559106
   -0.02392764
   -0.02619830
   -0.03693365
    0.28628349
   -0.07524057
   -0.05896199
    0.03882909
   -0.03268881
   -0.02417099
   -0.02433122
   -0.02426817
   -0.03373230
   -0.12819776
   -0.03014563
    0.05284821
   -0.04988428
   -0.03280810
    0.01292114
   -0.03048147
   -0.02211883
   -0.02259478
   -0.03303976
    0.01144398
   -0.00894199
   -0.00563659
    0.05228567
   -0.04206464
   -0.02911115
    0.01515299
   -0.02910934
   -0.02213886
   -0.02347875
   -0.03211251
    0.01299483
   -0.11799092
   -0.03524793
    0.06556299
    0.06150289
    0.05707259
    0.06664614
    0.04625550
    0.04431515
    0.04899263
    0.04722850
    0.03248988
    0.05351973
    0.06148352
    0.05726295
    0.04823389
    0.04164274
    0.05014416
    0.05121313
    0.04358981
    0.02323345
    0.05126501
    0.05554116
    0.05609057
    0.05258126
    0.04518396
    0.05527680
    0.06330573
    0.06311503
    0.03743075
    0.05268106
    0.04801612
    0.05081056
    0.04774083
    0.03821862
    0.04433752
    0.05635728
    0.04971418
    0.05109108
    0.04662949
    0.03720421
    0.06019973
    0.06492554
    0.06425381
