           1           2   1.0020291837602135     
           2           3  0.98880210567539584     
           3           4   1.4112598488525170     
           4           5   1.4374961758701048     
           3           6  0.10962629397087034     
           5           6   1.4406621524632728     
           4           7  0.10991590077660542     
           6           7   1.4346576142678109     
           3           8   1.4063067529907496     
           5           8  0.11121983736466494     
           7           8   1.4471917767016651     
           2           9  0.92416287374177020     
           9          10  0.91788762781000965     
          10          11   1.0058600513079428     
          10          12  0.98686576337938081     
          12          13   1.4161542882067979     
          13          14   1.4368961260106079     
          12          15  0.10974230547957070     
          14          15   1.4430076063747721     
          13          16  0.10946008271837816     
          15          16   1.4340734197331013     
          12          17   1.4056105716167355     
          14          17  0.11119912127407081     
          16          17   1.4477728038600106     
           9          18   1.2857873754920817     
          18          19  0.94400508112416370     
          19          20   1.1711283985770315     
          20          21  0.98437270582155412     
          21          22   1.4039279108433154     
          22          23   1.4430679604581087     
          21          24  0.10224425886551312     
          23          24   1.4335234061901434     
          22          25  0.10939236216485629     
          24          25   1.4372148486964664     
          21          26   1.3992102967903213     
          23          26  0.10849867574606332     
          25          26   1.4401624825932713     
          18          27   1.2225273046760052     
          27          28  0.97399773157449732     
          27          29  0.97519829690583992     
          29          30   1.2858949304528848     
          30          31   1.5559476018776668     
          31          32   1.2741658118840162     
          32          33   1.2800884184289290     
          33          34   1.5548134581914341     
          34          35   1.3231203288312998     
          33          36  0.11753977549695395     
          35          36   1.5522219592260684     
          32          37   1.2545370549081740     
          36          37   1.2851135598456405     
          29          38   1.4581304544791196     
          31          38  0.10591114895230437     
          37          38   1.2316433050394873     
          38          39   1.0322052313002106     
          39          40   1.4572508692456394     
          40          41   1.2913433863440340     
          39          42  0.10627029678876650     
          41          42   1.5531734463965965     
          42          43   1.2727818453913418     
          43          44   1.2811547383724675     
          44          45   1.5543735807987642     
          45          46   1.3232431007796863     
          44          47  0.11715595046961973     
          46          47   1.5504027398316924     
          39          48   1.2337045200294074     
          43          48   1.2532934766432353     
          47          48   1.2834233956291212     
          18          49   1.2468108202823600     
          40          49  0.95480745996480199     
          49          50  0.97051809986512438     
           1          51  0.97846094788270310     
           1          52  0.96033388510038487     
           1          53  0.98053634422633484     
           2          54  0.94873907989987272     
           4          55  0.95406111263496984     
           5          56  0.96984144774421410     
           6          57  0.96990437268358398     
           7          58  0.96975524154260317     
           8          59  0.96593756362395422     
          10          60  0.93873755318554064     
          11          61  0.97909253512776229     
          11          62  0.97757095169022645     
          11          63  0.98163299852895824     
          13          64  0.96349993611098683     
          14          65  0.96961212104337724     
          15          66  0.96973504823105228     
          16          67  0.97002678601960390     
          17          68  0.96278227355765900     
          22          69  0.96551252879285476     
          23          70  0.96764198208870467     
          24          71  0.96900517169329725     
          25          72  0.96798398893213622     
          26          73  0.96430356558497499     
          28          74  0.97199289940800560     
          28          75  0.97706505939559729     
          28          76  0.96249519176281151     
          30          77  0.96159611818380208     
          31          78  0.96614250708808569     
          33          79  0.96697336307306569     
          34          80  0.96931672002916214     
          35          81  0.96966293581543150     
          36          82  0.96471765832022860     
          41          83  0.96399995272809680     
          42          84  0.96593093155688969     
          44          85  0.96687001392406868     
          45          86  0.96932002637014836     
          46          87  0.96975227207015824     
          47          88  0.96578127066390240     
          50          89  0.97528395887290564     
          50          90  0.96402776529683565     
          50          91  0.97543987230036389     
